45  84  24  0  1  
44  85  24  0  2  
45  85  24  0  3  
44  86  24  0  4  
45  86  24  0  5  
44  87  24  0  6  
45  87  24  0  7  
44  88  24  0  8  
45  88  24  0  9  
44  89  24  0  10  
44  78  25  0  11  
45  78  25  0  12  
44  79  25  0  13  
45  79  25  0  14  
43  80  25  0  15  
44  80  25  0  16  
45  80  25  0  17  
46  80  25  0  18  
43  81  25  0  19  
44  81  25  0  20  
45  81  25  0  21  
46  81  25  0  22  
43  82  25  0  23  
44  82  25  0  24  
45  82  25  0  25  
46  82  25  0  26  
43  83  25  0  27  
44  83  25  0  28  
45  83  25  0  29  
46  83  25  0  30  
43  84  25  0  31  
44  84  25  0  32  
45  84  25  0  33  
46  84  25  0  34  
43  85  25  0  35  
44  85  25  0  36  
45  85  25  0  37  
46  85  25  0  38  
43  86  25  0  39  
44  86  25  0  40  
45  86  25  0  41  
46  86  25  0  42  
43  87  25  0  43  
44  87  25  0  44  
45  87  25  0  45  
46  87  25  0  46  
43  88  25  0  47  
44  88  25  0  48  
45  88  25  0  49  
46  88  25  0  50  
43  89  25  0  51  
44  89  25  0  52  
45  89  25  0  53  
46  89  25  0  54  
43  90  25  0  55  
44  90  25  0  56  
45  90  25  0  57  
46  90  25  0  58  
44  91  25  0  59  
45  91  25  0  60  
46  91  25  0  61  
44  73  26  0  62  
42  74  26  0  63  
43  74  26  0  64  
44  74  26  0  65  
45  74  26  0  66  
43  75  26  0  67  
44  75  26  0  68  
45  75  26  0  69  
46  75  26  0  70  
43  76  26  0  71  
44  76  26  0  72  
45  76  26  0  73  
46  76  26  0  74  
47  76  26  0  75  
43  77  26  0  76  
44  77  26  0  77  
45  77  26  0  78  
46  77  26  0  79  
47  77  26  0  80  
43  78  26  0  81  
44  78  26  0  82  
45  78  26  0  83  
46  78  26  0  84  
47  78  26  0  85  
43  79  26  0  86  
44  79  26  0  87  
45  79  26  0  88  
46  79  26  0  89  
47  79  26  0  90  
43  80  26  0  91  
44  80  26  0  92  
45  80  26  0  93  
46  80  26  0  94  
47  80  26  0  95  
43  81  26  0  96  
44  81  26  0  97  
45  81  26  0  98  
46  81  26  0  99  
47  81  26  0  100  
43  82  26  0  101  
44  82  26  0  102  
45  82  26  0  103  
46  82  26  0  104  
47  82  26  0  105  
43  83  26  0  106  
44  83  26  0  107  
45  83  26  0  108  
46  83  26  0  109  
47  83  26  0  110  
43  84  26  0  111  
44  84  26  0  112  
45  84  26  0  113  
46  84  26  0  114  
47  84  26  0  115  
43  85  26  0  116  
44  85  26  0  117  
45  85  26  0  118  
46  85  26  0  119  
47  85  26  0  120  
43  86  26  0  121  
44  86  26  0  122  
45  86  26  0  123  
46  86  26  0  124  
47  86  26  0  125  
42  87  26  0  126  
43  87  26  0  127  
44  87  26  0  128  
45  87  26  0  129  
46  87  26  0  130  
47  87  26  0  131  
42  88  26  0  132  
43  88  26  0  133  
44  88  26  0  134  
45  88  26  0  135  
46  88  26  0  136  
47  88  26  0  137  
42  89  26  0  138  
43  89  26  0  139  
44  89  26  0  140  
45  89  26  0  141  
46  89  26  0  142  
47  89  26  0  143  
42  90  26  0  144  
43  90  26  0  145  
44  90  26  0  146  
45  90  26  0  147  
46  90  26  0  148  
47  90  26  0  149  
42  91  26  0  150  
43  91  26  0  151  
44  91  26  0  152  
45  91  26  0  153  
46  91  26  0  154  
47  91  26  0  155  
42  92  26  0  156  
43  92  26  0  157  
44  92  26  0  158  
45  92  26  0  159  
46  92  26  0  160  
47  92  26  0  161  
44  93  26  0  162  
45  93  26  0  163  
46  93  26  0  164  
42  72  27  0  165  
43  72  27  0  166  
44  72  27  0  167  
45  72  27  0  168  
42  73  27  0  169  
43  73  27  0  170  
44  73  27  0  171  
45  73  27  0  172  
46  73  27  0  173  
47  73  27  0  174  
41  74  27  0  175  
43  74  27  0  176  
44  74  27  0  177  
45  74  27  0  178  
46  74  27  0  179  
47  74  27  0  180  
48  74  27  0  181  
43  75  27  0  182  
44  75  27  0  183  
45  75  27  0  184  
46  75  27  0  185  
47  75  27  0  186  
48  75  27  0  187  
43  76  27  0  188  
44  76  27  0  189  
45  76  27  0  190  
46  76  27  0  191  
47  76  27  0  192  
48  76  27  0  193  
43  77  27  0  194  
44  77  27  0  195  
45  77  27  0  196  
46  77  27  0  197  
47  77  27  0  198  
48  77  27  0  199  
43  78  27  0  200  
44  78  27  0  201  
45  78  27  0  202  
46  78  27  0  203  
47  78  27  0  204  
48  78  27  0  205  
42  79  27  0  206  
43  79  27  0  207  
44  79  27  0  208  
45  79  27  0  209  
46  79  27  0  210  
47  79  27  0  211  
48  79  27  0  212  
42  80  27  0  213  
43  80  27  0  214  
44  80  27  0  215  
45  80  27  0  216  
46  80  27  0  217  
47  80  27  0  218  
48  80  27  0  219  
42  81  27  0  220  
43  81  27  0  221  
44  81  27  0  222  
45  81  27  0  223  
46  81  27  0  224  
47  81  27  0  225  
48  81  27  0  226  
42  82  27  0  227  
43  82  27  0  228  
44  82  27  0  229  
45  82  27  0  230  
46  82  27  0  231  
47  82  27  0  232  
48  82  27  0  233  
42  83  27  0  234  
43  83  27  0  235  
44  83  27  0  236  
45  83  27  0  237  
46  83  27  0  238  
47  83  27  0  239  
48  83  27  0  240  
42  84  27  0  241  
43  84  27  0  242  
44  84  27  0  243  
45  84  27  0  244  
46  84  27  0  245  
47  84  27  0  246  
48  84  27  0  247  
42  85  27  0  248  
43  85  27  0  249  
44  85  27  0  250  
45  85  27  0  251  
46  85  27  0  252  
47  85  27  0  253  
48  85  27  0  254  
42  86  27  0  255  
43  86  27  0  256  
44  86  27  0  257  
45  86  27  0  258  
46  86  27  0  259  
47  86  27  0  260  
48  86  27  0  261  
42  87  27  0  262  
43  87  27  0  263  
44  87  27  0  264  
45  87  27  0  265  
46  87  27  0  266  
47  87  27  0  267  
48  87  27  0  268  
42  88  27  0  269  
43  88  27  0  270  
44  88  27  0  271  
45  88  27  0  272  
46  88  27  0  273  
47  88  27  0  274  
42  89  27  0  275  
43  89  27  0  276  
44  89  27  0  277  
45  89  27  0  278  
46  89  27  0  279  
47  89  27  0  280  
42  90  27  0  281  
43  90  27  0  282  
44  90  27  0  283  
45  90  27  0  284  
46  90  27  0  285  
47  90  27  0  286  
42  91  27  0  287  
43  91  27  0  288  
44  91  27  0  289  
45  91  27  0  290  
46  91  27  0  291  
47  91  27  0  292  
41  92  27  0  293  
42  92  27  0  294  
43  92  27  0  295  
44  92  27  0  296  
45  92  27  0  297  
46  92  27  0  298  
47  92  27  0  299  
42  93  27  0  300  
43  93  27  0  301  
44  93  27  0  302  
45  93  27  0  303  
46  93  27  0  304  
47  93  27  0  305  
48  93  27  0  306  
44  94  27  0  307  
42  71  28  0  308  
43  71  28  0  309  
44  71  28  0  310  
42  72  28  0  311  
43  72  28  0  312  
44  72  28  0  313  
45  72  28  0  314  
46  72  28  0  315  
47  72  28  0  316  
48  72  28  0  317  
42  73  28  0  318  
43  73  28  0  319  
44  73  28  0  320  
45  73  28  0  321  
46  73  28  0  322  
47  73  28  0  323  
48  73  28  0  324  
42  74  28  0  325  
43  74  28  0  326  
44  74  28  0  327  
45  74  28  0  328  
46  74  28  0  329  
47  74  28  0  330  
48  74  28  0  331  
42  75  28  0  332  
43  75  28  0  333  
44  75  28  0  334  
45  75  28  0  335  
46  75  28  0  336  
47  75  28  0  337  
48  75  28  0  338  
42  76  28  0  339  
43  76  28  0  340  
44  76  28  0  341  
45  76  28  0  342  
46  76  28  0  343  
47  76  28  0  344  
48  76  28  0  345  
42  77  28  0  346  
43  77  28  0  347  
44  77  28  0  348  
45  77  28  0  349  
46  77  28  0  350  
47  77  28  0  351  
48  77  28  0  352  
42  78  28  0  353  
43  78  28  0  354  
44  78  28  0  355  
45  78  28  0  356  
46  78  28  0  357  
47  78  28  0  358  
48  78  28  0  359  
49  78  28  0  360  
42  79  28  0  361  
43  79  28  0  362  
44  79  28  0  363  
45  79  28  0  364  
46  79  28  0  365  
47  79  28  0  366  
48  79  28  0  367  
49  79  28  0  368  
42  80  28  0  369  
43  80  28  0  370  
44  80  28  0  371  
45  80  28  0  372  
46  80  28  0  373  
47  80  28  0  374  
48  80  28  0  375  
49  80  28  0  376  
42  81  28  0  377  
43  81  28  0  378  
44  81  28  0  379  
45  81  28  0  380  
46  81  28  0  381  
47  81  28  0  382  
48  81  28  0  383  
49  81  28  0  384  
42  82  28  0  385  
43  82  28  0  386  
44  82  28  0  387  
45  82  28  0  388  
46  82  28  0  389  
47  82  28  0  390  
48  82  28  0  391  
49  82  28  0  392  
42  83  28  0  393  
43  83  28  0  394  
44  83  28  0  395  
45  83  28  0  396  
46  83  28  0  397  
47  83  28  0  398  
48  83  28  0  399  
49  83  28  0  400  
42  84  28  0  401  
43  84  28  0  402  
44  84  28  0  403  
45  84  28  0  404  
46  84  28  0  405  
47  84  28  0  406  
48  84  28  0  407  
49  84  28  0  408  
42  85  28  0  409  
43  85  28  0  410  
44  85  28  0  411  
45  85  28  0  412  
46  85  28  0  413  
47  85  28  0  414  
48  85  28  0  415  
42  86  28  0  416  
43  86  28  0  417  
44  86  28  0  418  
45  86  28  0  419  
46  86  28  0  420  
47  86  28  0  421  
48  86  28  0  422  
42  87  28  0  423  
43  87  28  0  424  
44  87  28  0  425  
45  87  28  0  426  
46  87  28  0  427  
47  87  28  0  428  
48  87  28  0  429  
42  88  28  0  430  
43  88  28  0  431  
44  88  28  0  432  
45  88  28  0  433  
46  88  28  0  434  
47  88  28  0  435  
48  88  28  0  436  
42  89  28  0  437  
43  89  28  0  438  
44  89  28  0  439  
45  89  28  0  440  
46  89  28  0  441  
47  89  28  0  442  
48  89  28  0  443  
42  90  28  0  444  
43  90  28  0  445  
44  90  28  0  446  
45  90  28  0  447  
46  90  28  0  448  
47  90  28  0  449  
48  90  28  0  450  
42  91  28  0  451  
43  91  28  0  452  
44  91  28  0  453  
45  91  28  0  454  
46  91  28  0  455  
47  91  28  0  456  
48  91  28  0  457  
42  92  28  0  458  
43  92  28  0  459  
44  92  28  0  460  
45  92  28  0  461  
46  92  28  0  462  
47  92  28  0  463  
48  92  28  0  464  
40  93  28  0  465  
41  93  28  0  466  
42  93  28  0  467  
43  93  28  0  468  
44  93  28  0  469  
45  93  28  0  470  
46  93  28  0  471  
47  93  28  0  472  
48  93  28  0  473  
40  94  28  0  474  
41  94  28  0  475  
42  94  28  0  476  
43  94  28  0  477  
44  94  28  0  478  
45  94  28  0  479  
46  94  28  0  480  
47  94  28  0  481  
48  94  28  0  482  
49  94  28  0  483  
42  71  29  0  484  
43  71  29  0  485  
44  71  29  0  486  
45  71  29  0  487  
46  71  29  0  488  
47  71  29  0  489  
48  71  29  0  490  
42  72  29  0  491  
43  72  29  0  492  
44  72  29  0  493  
45  72  29  0  494  
46  72  29  0  495  
47  72  29  0  496  
48  72  29  0  497  
42  73  29  0  498  
43  73  29  0  499  
44  73  29  0  500  
45  73  29  0  501  
46  73  29  0  502  
47  73  29  0  503  
48  73  29  0  504  
40  74  29  0  505  
42  74  29  0  506  
43  74  29  0  507  
44  74  29  0  508  
45  74  29  0  509  
46  74  29  0  510  
47  74  29  0  511  
48  74  29  0  512  
42  75  29  0  513  
43  75  29  0  514  
44  75  29  0  515  
45  75  29  0  516  
46  75  29  0  517  
47  75  29  0  518  
48  75  29  0  519  
42  76  29  0  520  
43  76  29  0  521  
44  76  29  0  522  
45  76  29  0  523  
46  76  29  0  524  
47  76  29  0  525  
48  76  29  0  526  
42  77  29  0  527  
43  77  29  0  528  
44  77  29  0  529  
45  77  29  0  530  
46  77  29  0  531  
47  77  29  0  532  
48  77  29  0  533  
49  77  29  0  534  
42  78  29  0  535  
43  78  29  0  536  
44  78  29  0  537  
45  78  29  0  538  
46  78  29  0  539  
47  78  29  0  540  
48  78  29  0  541  
49  78  29  0  542  
42  79  29  0  543  
43  79  29  0  544  
44  79  29  0  545  
45  79  29  0  546  
46  79  29  0  547  
47  79  29  0  548  
48  79  29  0  549  
49  79  29  0  550  
41  80  29  0  551  
42  80  29  0  552  
43  80  29  0  553  
44  80  29  0  554  
45  80  29  0  555  
46  80  29  0  556  
47  80  29  0  557  
48  80  29  0  558  
49  80  29  0  559  
41  81  29  0  560  
42  81  29  0  561  
43  81  29  0  562  
44  81  29  0  563  
45  81  29  0  564  
46  81  29  0  565  
47  81  29  0  566  
48  81  29  0  567  
49  81  29  0  568  
41  82  29  0  569  
42  82  29  0  570  
43  82  29  0  571  
44  82  29  0  572  
45  82  29  0  573  
46  82  29  0  574  
47  82  29  0  575  
48  82  29  0  576  
49  82  29  0  577  
50  82  29  0  578  
41  83  29  0  579  
42  83  29  0  580  
43  83  29  0  581  
44  83  29  0  582  
45  83  29  0  583  
46  83  29  0  584  
47  83  29  0  585  
48  83  29  0  586  
49  83  29  0  587  
50  83  29  0  588  
41  84  29  0  589  
42  84  29  0  590  
43  84  29  0  591  
44  84  29  0  592  
45  84  29  0  593  
46  84  29  0  594  
47  84  29  0  595  
48  84  29  0  596  
49  84  29  0  597  
50  84  29  0  598  
41  85  29  0  599  
42  85  29  0  600  
43  85  29  0  601  
44  85  29  0  602  
45  85  29  0  603  
46  85  29  0  604  
47  85  29  0  605  
48  85  29  0  606  
49  85  29  0  607  
41  86  29  0  608  
42  86  29  0  609  
43  86  29  0  610  
44  86  29  0  611  
45  86  29  0  612  
46  86  29  0  613  
47  86  29  0  614  
48  86  29  0  615  
49  86  29  0  616  
41  87  29  0  617  
42  87  29  0  618  
43  87  29  0  619  
44  87  29  0  620  
45  87  29  0  621  
46  87  29  0  622  
47  87  29  0  623  
48  87  29  0  624  
49  87  29  0  625  
41  88  29  0  626  
42  88  29  0  627  
43  88  29  0  628  
44  88  29  0  629  
45  88  29  0  630  
46  88  29  0  631  
47  88  29  0  632  
48  88  29  0  633  
49  88  29  0  634  
41  89  29  0  635  
42  89  29  0  636  
43  89  29  0  637  
44  89  29  0  638  
45  89  29  0  639  
46  89  29  0  640  
47  89  29  0  641  
48  89  29  0  642  
49  89  29  0  643  
42  90  29  0  644  
43  90  29  0  645  
44  90  29  0  646  
45  90  29  0  647  
46  90  29  0  648  
47  90  29  0  649  
48  90  29  0  650  
42  91  29  0  651  
43  91  29  0  652  
44  91  29  0  653  
45  91  29  0  654  
46  91  29  0  655  
47  91  29  0  656  
48  91  29  0  657  
42  92  29  0  658  
43  92  29  0  659  
44  92  29  0  660  
45  92  29  0  661  
46  92  29  0  662  
47  92  29  0  663  
48  92  29  0  664  
42  93  29  0  665  
43  93  29  0  666  
44  93  29  0  667  
45  93  29  0  668  
46  93  29  0  669  
47  93  29  0  670  
48  93  29  0  671  
49  93  29  0  672  
40  94  29  0  673  
41  94  29  0  674  
42  94  29  0  675  
43  94  29  0  676  
44  94  29  0  677  
45  94  29  0  678  
46  94  29  0  679  
47  94  29  0  680  
48  94  29  0  681  
49  94  29  0  682  
50  94  29  0  683  
42  95  29  0  684  
44  95  29  0  685  
46  95  29  0  686  
42  70  30  0  687  
43  70  30  0  688  
48  70  30  0  689  
42  71  30  0  690  
43  71  30  0  691  
44  71  30  0  692  
45  71  30  0  693  
46  71  30  0  694  
47  71  30  0  695  
48  71  30  0  696  
42  72  30  0  697  
43  72  30  0  698  
44  72  30  0  699  
45  72  30  0  700  
46  72  30  0  701  
47  72  30  0  702  
48  72  30  0  703  
42  73  30  0  704  
43  73  30  0  705  
44  73  30  0  706  
45  73  30  0  707  
46  73  30  0  708  
47  73  30  0  709  
48  73  30  0  710  
42  74  30  0  711  
43  74  30  0  712  
44  74  30  0  713  
45  74  30  0  714  
46  74  30  0  715  
47  74  30  0  716  
48  74  30  0  717  
42  75  30  0  718  
43  75  30  0  719  
44  75  30  0  720  
45  75  30  0  721  
46  75  30  0  722  
47  75  30  0  723  
48  75  30  0  724  
49  75  30  0  725  
42  76  30  0  726  
43  76  30  0  727  
44  76  30  0  728  
45  76  30  0  729  
46  76  30  0  730  
47  76  30  0  731  
48  76  30  0  732  
49  76  30  0  733  
42  77  30  0  734  
43  77  30  0  735  
44  77  30  0  736  
45  77  30  0  737  
46  77  30  0  738  
47  77  30  0  739  
48  77  30  0  740  
49  77  30  0  741  
41  78  30  0  742  
42  78  30  0  743  
43  78  30  0  744  
44  78  30  0  745  
45  78  30  0  746  
46  78  30  0  747  
47  78  30  0  748  
48  78  30  0  749  
49  78  30  0  750  
41  79  30  0  751  
42  79  30  0  752  
43  79  30  0  753  
44  79  30  0  754  
45  79  30  0  755  
46  79  30  0  756  
47  79  30  0  757  
48  79  30  0  758  
49  79  30  0  759  
41  80  30  0  760  
42  80  30  0  761  
43  80  30  0  762  
44  80  30  0  763  
45  80  30  0  764  
46  80  30  0  765  
47  80  30  0  766  
48  80  30  0  767  
49  80  30  0  768  
41  81  30  0  769  
42  81  30  0  770  
43  81  30  0  771  
44  81  30  0  772  
45  81  30  0  773  
46  81  30  0  774  
47  81  30  0  775  
48  81  30  0  776  
49  81  30  0  777  
50  81  30  0  778  
41  82  30  0  779  
42  82  30  0  780  
43  82  30  0  781  
44  82  30  0  782  
45  82  30  0  783  
46  82  30  0  784  
47  82  30  0  785  
48  82  30  0  786  
49  82  30  0  787  
50  82  30  0  788  
40  83  30  0  789  
41  83  30  0  790  
42  83  30  0  791  
43  83  30  0  792  
44  83  30  0  793  
45  83  30  0  794  
46  83  30  0  795  
47  83  30  0  796  
48  83  30  0  797  
49  83  30  0  798  
50  83  30  0  799  
40  84  30  0  800  
41  84  30  0  801  
42  84  30  0  802  
43  84  30  0  803  
44  84  30  0  804  
45  84  30  0  805  
46  84  30  0  806  
47  84  30  0  807  
48  84  30  0  808  
49  84  30  0  809  
50  84  30  0  810  
40  85  30  0  811  
41  85  30  0  812  
42  85  30  0  813  
43  85  30  0  814  
44  85  30  0  815  
45  85  30  0  816  
46  85  30  0  817  
47  85  30  0  818  
48  85  30  0  819  
49  85  30  0  820  
50  85  30  0  821  
40  86  30  0  822  
41  86  30  0  823  
42  86  30  0  824  
43  86  30  0  825  
44  86  30  0  826  
45  86  30  0  827  
46  86  30  0  828  
47  86  30  0  829  
48  86  30  0  830  
49  86  30  0  831  
50  86  30  0  832  
40  87  30  0  833  
41  87  30  0  834  
42  87  30  0  835  
43  87  30  0  836  
44  87  30  0  837  
45  87  30  0  838  
46  87  30  0  839  
47  87  30  0  840  
48  87  30  0  841  
49  87  30  0  842  
50  87  30  0  843  
41  88  30  0  844  
42  88  30  0  845  
43  88  30  0  846  
44  88  30  0  847  
45  88  30  0  848  
46  88  30  0  849  
47  88  30  0  850  
48  88  30  0  851  
49  88  30  0  852  
50  88  30  0  853  
41  89  30  0  854  
42  89  30  0  855  
43  89  30  0  856  
44  89  30  0  857  
45  89  30  0  858  
46  89  30  0  859  
47  89  30  0  860  
48  89  30  0  861  
49  89  30  0  862  
41  90  30  0  863  
42  90  30  0  864  
43  90  30  0  865  
44  90  30  0  866  
45  90  30  0  867  
46  90  30  0  868  
47  90  30  0  869  
48  90  30  0  870  
49  90  30  0  871  
41  91  30  0  872  
42  91  30  0  873  
43  91  30  0  874  
44  91  30  0  875  
45  91  30  0  876  
46  91  30  0  877  
47  91  30  0  878  
48  91  30  0  879  
49  91  30  0  880  
42  92  30  0  881  
43  92  30  0  882  
44  92  30  0  883  
45  92  30  0  884  
46  92  30  0  885  
47  92  30  0  886  
48  92  30  0  887  
49  92  30  0  888  
42  93  30  0  889  
43  93  30  0  890  
44  93  30  0  891  
45  93  30  0  892  
46  93  30  0  893  
47  93  30  0  894  
48  93  30  0  895  
49  93  30  0  896  
50  93  30  0  897  
40  94  30  0  898  
41  94  30  0  899  
42  94  30  0  900  
43  94  30  0  901  
44  94  30  0  902  
45  94  30  0  903  
46  94  30  0  904  
47  94  30  0  905  
48  94  30  0  906  
49  94  30  0  907  
50  94  30  0  908  
40  95  30  0  909  
41  95  30  0  910  
42  95  30  0  911  
43  95  30  0  912  
44  95  30  0  913  
45  95  30  0  914  
46  95  30  0  915  
47  95  30  0  916  
48  95  30  0  917  
49  95  30  0  918  
42  70  31  0  919  
43  70  31  0  920  
44  70  31  0  921  
45  70  31  0  922  
46  70  31  0  923  
47  70  31  0  924  
48  70  31  0  925  
49  70  31  0  926  
42  71  31  0  927  
43  71  31  0  928  
44  71  31  0  929  
45  71  31  0  930  
46  71  31  0  931  
47  71  31  0  932  
48  71  31  0  933  
42  72  31  0  934  
43  72  31  0  935  
44  72  31  0  936  
45  72  31  0  937  
46  72  31  0  938  
47  72  31  0  939  
48  72  31  0  940  
42  73  31  0  941  
43  73  31  0  942  
44  73  31  0  943  
45  73  31  0  944  
46  73  31  0  945  
47  73  31  0  946  
48  73  31  0  947  
42  74  31  0  948  
43  74  31  0  949  
44  74  31  0  950  
45  74  31  0  951  
46  74  31  0  952  
47  74  31  0  953  
48  74  31  0  954  
42  75  31  0  955  
43  75  31  0  956  
44  75  31  0  957  
45  75  31  0  958  
46  75  31  0  959  
47  75  31  0  960  
48  75  31  0  961  
49  75  31  0  962  
42  76  31  0  963  
43  76  31  0  964  
44  76  31  0  965  
45  76  31  0  966  
46  76  31  0  967  
47  76  31  0  968  
48  76  31  0  969  
49  76  31  0  970  
42  77  31  0  971  
43  77  31  0  972  
44  77  31  0  973  
45  77  31  0  974  
46  77  31  0  975  
47  77  31  0  976  
48  77  31  0  977  
49  77  31  0  978  
41  78  31  0  979  
42  78  31  0  980  
43  78  31  0  981  
44  78  31  0  982  
45  78  31  0  983  
46  78  31  0  984  
47  78  31  0  985  
48  78  31  0  986  
49  78  31  0  987  
41  79  31  0  988  
42  79  31  0  989  
43  79  31  0  990  
44  79  31  0  991  
45  79  31  0  992  
46  79  31  0  993  
47  79  31  0  994  
48  79  31  0  995  
49  79  31  0  996  
50  79  31  0  997  
41  80  31  0  998  
42  80  31  0  999  
43  80  31  0  1000  
44  80  31  0  1001  
45  80  31  0  1002  
46  80  31  0  1003  
47  80  31  0  1004  
48  80  31  0  1005  
49  80  31  0  1006  
50  80  31  0  1007  
40  81  31  0  1008  
41  81  31  0  1009  
42  81  31  0  1010  
43  81  31  0  1011  
44  81  31  0  1012  
45  81  31  0  1013  
46  81  31  0  1014  
47  81  31  0  1015  
48  81  31  0  1016  
49  81  31  0  1017  
50  81  31  0  1018  
40  82  31  0  1019  
41  82  31  0  1020  
42  82  31  0  1021  
43  82  31  0  1022  
44  82  31  0  1023  
45  82  31  0  1024  
46  82  31  0  1025  
47  82  31  0  1026  
48  82  31  0  1027  
49  82  31  0  1028  
50  82  31  0  1029  
40  83  31  0  1030  
41  83  31  0  1031  
42  83  31  0  1032  
43  83  31  0  1033  
44  83  31  0  1034  
45  83  31  0  1035  
46  83  31  0  1036  
47  83  31  0  1037  
48  83  31  0  1038  
49  83  31  0  1039  
50  83  31  0  1040  
40  84  31  0  1041  
41  84  31  0  1042  
42  84  31  0  1043  
43  84  31  0  1044  
44  84  31  0  1045  
45  84  31  0  1046  
46  84  31  0  1047  
47  84  31  0  1048  
48  84  31  0  1049  
49  84  31  0  1050  
50  84  31  0  1051  
40  85  31  0  1052  
41  85  31  0  1053  
42  85  31  0  1054  
43  85  31  0  1055  
44  85  31  0  1056  
45  85  31  0  1057  
46  85  31  0  1058  
47  85  31  0  1059  
48  85  31  0  1060  
49  85  31  0  1061  
50  85  31  0  1062  
40  86  31  0  1063  
41  86  31  0  1064  
42  86  31  0  1065  
43  86  31  0  1066  
44  86  31  0  1067  
45  86  31  0  1068  
46  86  31  0  1069  
47  86  31  0  1070  
48  86  31  0  1071  
49  86  31  0  1072  
50  86  31  0  1073  
40  87  31  0  1074  
41  87  31  0  1075  
42  87  31  0  1076  
43  87  31  0  1077  
44  87  31  0  1078  
45  87  31  0  1079  
46  87  31  0  1080  
47  87  31  0  1081  
48  87  31  0  1082  
49  87  31  0  1083  
50  87  31  0  1084  
40  88  31  0  1085  
41  88  31  0  1086  
42  88  31  0  1087  
43  88  31  0  1088  
44  88  31  0  1089  
45  88  31  0  1090  
46  88  31  0  1091  
47  88  31  0  1092  
48  88  31  0  1093  
49  88  31  0  1094  
50  88  31  0  1095  
40  89  31  0  1096  
41  89  31  0  1097  
42  89  31  0  1098  
43  89  31  0  1099  
44  89  31  0  1100  
45  89  31  0  1101  
46  89  31  0  1102  
47  89  31  0  1103  
48  89  31  0  1104  
49  89  31  0  1105  
50  89  31  0  1106  
41  90  31  0  1107  
42  90  31  0  1108  
43  90  31  0  1109  
44  90  31  0  1110  
45  90  31  0  1111  
46  90  31  0  1112  
47  90  31  0  1113  
48  90  31  0  1114  
49  90  31  0  1115  
41  91  31  0  1116  
42  91  31  0  1117  
43  91  31  0  1118  
44  91  31  0  1119  
45  91  31  0  1120  
46  91  31  0  1121  
47  91  31  0  1122  
48  91  31  0  1123  
49  91  31  0  1124  
41  92  31  0  1125  
42  92  31  0  1126  
43  92  31  0  1127  
44  92  31  0  1128  
45  92  31  0  1129  
46  92  31  0  1130  
47  92  31  0  1131  
48  92  31  0  1132  
49  92  31  0  1133  
41  93  31  0  1134  
42  93  31  0  1135  
43  93  31  0  1136  
44  93  31  0  1137  
45  93  31  0  1138  
46  93  31  0  1139  
47  93  31  0  1140  
48  93  31  0  1141  
49  93  31  0  1142  
40  94  31  0  1143  
41  94  31  0  1144  
42  94  31  0  1145  
43  94  31  0  1146  
44  94  31  0  1147  
45  94  31  0  1148  
46  94  31  0  1149  
47  94  31  0  1150  
48  94  31  0  1151  
49  94  31  0  1152  
50  94  31  0  1153  
40  95  31  0  1154  
41  95  31  0  1155  
42  95  31  0  1156  
43  95  31  0  1157  
44  95  31  0  1158  
45  95  31  0  1159  
46  95  31  0  1160  
47  95  31  0  1161  
48  95  31  0  1162  
49  95  31  0  1163  
42  96  31  0  1164  
45  96  31  0  1165  
46  96  31  0  1166  
47  96  31  0  1167  
48  96  31  0  1168  
42  70  32  0  1169  
43  70  32  0  1170  
44  70  32  0  1171  
45  70  32  0  1172  
46  70  32  0  1173  
47  70  32  0  1174  
48  70  32  0  1175  
49  70  32  0  1176  
42  71  32  0  1177  
43  71  32  0  1178  
44  71  32  0  1179  
45  71  32  0  1180  
46  71  32  0  1181  
47  71  32  0  1182  
48  71  32  0  1183  
43  72  32  0  1184  
44  72  32  0  1185  
45  72  32  0  1186  
46  72  32  0  1187  
47  72  32  0  1188  
48  72  32  0  1189  
43  73  32  0  1190  
44  73  32  0  1191  
45  73  32  0  1192  
46  73  32  0  1193  
47  73  32  0  1194  
48  73  32  0  1195  
43  74  32  0  1196  
44  74  32  0  1197  
45  74  32  0  1198  
46  74  32  0  1199  
47  74  32  0  1200  
48  74  32  0  1201  
43  75  32  0  1202  
44  75  32  0  1203  
45  75  32  0  1204  
46  75  32  0  1205  
47  75  32  0  1206  
48  75  32  0  1207  
43  76  32  0  1208  
44  76  32  0  1209  
45  76  32  0  1210  
46  76  32  0  1211  
47  76  32  0  1212  
48  76  32  0  1213  
42  77  32  0  1214  
43  77  32  0  1215  
44  77  32  0  1216  
45  77  32  0  1217  
46  77  32  0  1218  
47  77  32  0  1219  
48  77  32  0  1220  
49  77  32  0  1221  
42  78  32  0  1222  
43  78  32  0  1223  
44  78  32  0  1224  
45  78  32  0  1225  
46  78  32  0  1226  
47  78  32  0  1227  
48  78  32  0  1228  
49  78  32  0  1229  
41  79  32  0  1230  
42  79  32  0  1231  
43  79  32  0  1232  
44  79  32  0  1233  
45  79  32  0  1234  
46  79  32  0  1235  
47  79  32  0  1236  
48  79  32  0  1237  
49  79  32  0  1238  
41  80  32  0  1239  
42  80  32  0  1240  
43  80  32  0  1241  
44  80  32  0  1242  
45  80  32  0  1243  
46  80  32  0  1244  
47  80  32  0  1245  
48  80  32  0  1246  
49  80  32  0  1247  
40  81  32  0  1248  
41  81  32  0  1249  
42  81  32  0  1250  
43  81  32  0  1251  
44  81  32  0  1252  
45  81  32  0  1253  
46  81  32  0  1254  
47  81  32  0  1255  
48  81  32  0  1256  
49  81  32  0  1257  
50  81  32  0  1258  
40  82  32  0  1259  
41  82  32  0  1260  
42  82  32  0  1261  
43  82  32  0  1262  
44  82  32  0  1263  
45  82  32  0  1264  
46  82  32  0  1265  
47  82  32  0  1266  
48  82  32  0  1267  
49  82  32  0  1268  
50  82  32  0  1269  
40  83  32  0  1270  
41  83  32  0  1271  
42  83  32  0  1272  
43  83  32  0  1273  
44  83  32  0  1274  
45  83  32  0  1275  
46  83  32  0  1276  
47  83  32  0  1277  
48  83  32  0  1278  
49  83  32  0  1279  
50  83  32  0  1280  
40  84  32  0  1281  
41  84  32  0  1282  
42  84  32  0  1283  
43  84  32  0  1284  
44  84  32  0  1285  
45  84  32  0  1286  
46  84  32  0  1287  
47  84  32  0  1288  
48  84  32  0  1289  
49  84  32  0  1290  
50  84  32  0  1291  
40  85  32  0  1292  
41  85  32  0  1293  
42  85  32  0  1294  
43  85  32  0  1295  
44  85  32  0  1296  
45  85  32  0  1297  
46  85  32  0  1298  
47  85  32  0  1299  
48  85  32  0  1300  
49  85  32  0  1301  
50  85  32  0  1302  
40  86  32  0  1303  
41  86  32  0  1304  
42  86  32  0  1305  
43  86  32  0  1306  
44  86  32  0  1307  
45  86  32  0  1308  
46  86  32  0  1309  
47  86  32  0  1310  
48  86  32  0  1311  
49  86  32  0  1312  
50  86  32  0  1313  
40  87  32  0  1314  
41  87  32  0  1315  
42  87  32  0  1316  
43  87  32  0  1317  
44  87  32  0  1318  
45  87  32  0  1319  
46  87  32  0  1320  
47  87  32  0  1321  
48  87  32  0  1322  
49  87  32  0  1323  
50  87  32  0  1324  
40  88  32  0  1325  
41  88  32  0  1326  
42  88  32  0  1327  
43  88  32  0  1328  
44  88  32  0  1329  
45  88  32  0  1330  
46  88  32  0  1331  
47  88  32  0  1332  
48  88  32  0  1333  
49  88  32  0  1334  
50  88  32  0  1335  
40  89  32  0  1336  
41  89  32  0  1337  
42  89  32  0  1338  
43  89  32  0  1339  
44  89  32  0  1340  
45  89  32  0  1341  
46  89  32  0  1342  
47  89  32  0  1343  
48  89  32  0  1344  
49  89  32  0  1345  
50  89  32  0  1346  
40  90  32  0  1347  
41  90  32  0  1348  
42  90  32  0  1349  
43  90  32  0  1350  
44  90  32  0  1351  
45  90  32  0  1352  
46  90  32  0  1353  
47  90  32  0  1354  
48  90  32  0  1355  
49  90  32  0  1356  
50  90  32  0  1357  
41  91  32  0  1358  
42  91  32  0  1359  
43  91  32  0  1360  
44  91  32  0  1361  
45  91  32  0  1362  
46  91  32  0  1363  
47  91  32  0  1364  
48  91  32  0  1365  
49  91  32  0  1366  
41  92  32  0  1367  
42  92  32  0  1368  
43  92  32  0  1369  
44  92  32  0  1370  
45  92  32  0  1371  
46  92  32  0  1372  
47  92  32  0  1373  
48  92  32  0  1374  
49  92  32  0  1375  
41  93  32  0  1376  
42  93  32  0  1377  
43  93  32  0  1378  
44  93  32  0  1379  
45  93  32  0  1380  
46  93  32  0  1381  
47  93  32  0  1382  
48  93  32  0  1383  
49  93  32  0  1384  
41  94  32  0  1385  
42  94  32  0  1386  
43  94  32  0  1387  
44  94  32  0  1388  
45  94  32  0  1389  
46  94  32  0  1390  
47  94  32  0  1391  
48  94  32  0  1392  
49  94  32  0  1393  
50  94  32  0  1394  
40  95  32  0  1395  
41  95  32  0  1396  
42  95  32  0  1397  
43  95  32  0  1398  
44  95  32  0  1399  
45  95  32  0  1400  
46  95  32  0  1401  
47  95  32  0  1402  
48  95  32  0  1403  
49  95  32  0  1404  
50  95  32  0  1405  
40  96  32  0  1406  
41  96  32  0  1407  
42  96  32  0  1408  
43  96  32  0  1409  
44  96  32  0  1410  
45  96  32  0  1411  
46  96  32  0  1412  
47  96  32  0  1413  
48  96  32  0  1414  
49  96  32  0  1415  
42  70  33  0  1416  
43  70  33  0  1417  
44  70  33  0  1418  
45  70  33  0  1419  
46  70  33  0  1420  
47  70  33  0  1421  
48  70  33  0  1422  
49  70  33  0  1423  
42  71  33  0  1424  
43  71  33  0  1425  
44  71  33  0  1426  
45  71  33  0  1427  
46  71  33  0  1428  
47  71  33  0  1429  
48  71  33  0  1430  
49  71  33  0  1431  
41  72  33  0  1432  
43  72  33  0  1433  
44  72  33  0  1434  
45  72  33  0  1435  
46  72  33  0  1436  
47  72  33  0  1437  
43  73  33  0  1438  
44  73  33  0  1439  
45  73  33  0  1440  
46  73  33  0  1441  
47  73  33  0  1442  
43  74  33  0  1443  
44  74  33  0  1444  
45  74  33  0  1445  
46  74  33  0  1446  
47  74  33  0  1447  
43  75  33  0  1448  
44  75  33  0  1449  
45  75  33  0  1450  
46  75  33  0  1451  
47  75  33  0  1452  
48  75  33  0  1453  
43  76  33  0  1454  
44  76  33  0  1455  
45  76  33  0  1456  
46  76  33  0  1457  
47  76  33  0  1458  
48  76  33  0  1459  
43  77  33  0  1460  
44  77  33  0  1461  
45  77  33  0  1462  
46  77  33  0  1463  
47  77  33  0  1464  
48  77  33  0  1465  
42  78  33  0  1466  
43  78  33  0  1467  
44  78  33  0  1468  
45  78  33  0  1469  
46  78  33  0  1470  
47  78  33  0  1471  
48  78  33  0  1472  
42  79  33  0  1473  
43  79  33  0  1474  
44  79  33  0  1475  
45  79  33  0  1476  
46  79  33  0  1477  
47  79  33  0  1478  
48  79  33  0  1479  
49  79  33  0  1480  
41  80  33  0  1481  
42  80  33  0  1482  
43  80  33  0  1483  
44  80  33  0  1484  
45  80  33  0  1485  
46  80  33  0  1486  
47  80  33  0  1487  
48  80  33  0  1488  
49  80  33  0  1489  
40  81  33  0  1490  
41  81  33  0  1491  
42  81  33  0  1492  
43  81  33  0  1493  
44  81  33  0  1494  
45  81  33  0  1495  
46  81  33  0  1496  
47  81  33  0  1497  
48  81  33  0  1498  
49  81  33  0  1499  
50  81  33  0  1500  
40  82  33  0  1501  
41  82  33  0  1502  
42  82  33  0  1503  
43  82  33  0  1504  
44  82  33  0  1505  
45  82  33  0  1506  
46  82  33  0  1507  
47  82  33  0  1508  
48  82  33  0  1509  
49  82  33  0  1510  
50  82  33  0  1511  
40  83  33  0  1512  
41  83  33  0  1513  
42  83  33  0  1514  
43  83  33  0  1515  
44  83  33  0  1516  
45  83  33  0  1517  
46  83  33  0  1518  
47  83  33  0  1519  
48  83  33  0  1520  
49  83  33  0  1521  
50  83  33  0  1522  
40  84  33  0  1523  
41  84  33  0  1524  
42  84  33  0  1525  
43  84  33  0  1526  
44  84  33  0  1527  
45  84  33  0  1528  
46  84  33  0  1529  
47  84  33  0  1530  
48  84  33  0  1531  
49  84  33  0  1532  
50  84  33  0  1533  
40  85  33  0  1534  
41  85  33  0  1535  
42  85  33  0  1536  
43  85  33  0  1537  
44  85  33  0  1538  
45  85  33  0  1539  
46  85  33  0  1540  
47  85  33  0  1541  
48  85  33  0  1542  
49  85  33  0  1543  
50  85  33  0  1544  
40  86  33  0  1545  
41  86  33  0  1546  
42  86  33  0  1547  
43  86  33  0  1548  
44  86  33  0  1549  
45  86  33  0  1550  
46  86  33  0  1551  
47  86  33  0  1552  
48  86  33  0  1553  
49  86  33  0  1554  
50  86  33  0  1555  
40  87  33  0  1556  
41  87  33  0  1557  
42  87  33  0  1558  
43  87  33  0  1559  
44  87  33  0  1560  
45  87  33  0  1561  
46  87  33  0  1562  
47  87  33  0  1563  
48  87  33  0  1564  
49  87  33  0  1565  
50  87  33  0  1566  
40  88  33  0  1567  
41  88  33  0  1568  
42  88  33  0  1569  
43  88  33  0  1570  
44  88  33  0  1571  
45  88  33  0  1572  
46  88  33  0  1573  
47  88  33  0  1574  
48  88  33  0  1575  
49  88  33  0  1576  
50  88  33  0  1577  
40  89  33  0  1578  
41  89  33  0  1579  
42  89  33  0  1580  
43  89  33  0  1581  
44  89  33  0  1582  
45  89  33  0  1583  
46  89  33  0  1584  
47  89  33  0  1585  
48  89  33  0  1586  
49  89  33  0  1587  
50  89  33  0  1588  
40  90  33  0  1589  
41  90  33  0  1590  
42  90  33  0  1591  
43  90  33  0  1592  
44  90  33  0  1593  
45  90  33  0  1594  
46  90  33  0  1595  
47  90  33  0  1596  
48  90  33  0  1597  
49  90  33  0  1598  
50  90  33  0  1599  
40  91  33  0  1600  
41  91  33  0  1601  
42  91  33  0  1602  
43  91  33  0  1603  
44  91  33  0  1604  
45  91  33  0  1605  
46  91  33  0  1606  
47  91  33  0  1607  
48  91  33  0  1608  
49  91  33  0  1609  
50  91  33  0  1610  
41  92  33  0  1611  
42  92  33  0  1612  
43  92  33  0  1613  
44  92  33  0  1614  
45  92  33  0  1615  
46  92  33  0  1616  
47  92  33  0  1617  
48  92  33  0  1618  
49  92  33  0  1619  
41  93  33  0  1620  
42  93  33  0  1621  
43  93  33  0  1622  
44  93  33  0  1623  
45  93  33  0  1624  
46  93  33  0  1625  
47  93  33  0  1626  
48  93  33  0  1627  
49  93  33  0  1628  
41  94  33  0  1629  
42  94  33  0  1630  
43  94  33  0  1631  
44  94  33  0  1632  
45  94  33  0  1633  
46  94  33  0  1634  
47  94  33  0  1635  
48  94  33  0  1636  
49  94  33  0  1637  
41  95  33  0  1638  
42  95  33  0  1639  
43  95  33  0  1640  
44  95  33  0  1641  
45  95  33  0  1642  
46  95  33  0  1643  
47  95  33  0  1644  
48  95  33  0  1645  
49  95  33  0  1646  
50  95  33  0  1647  
40  96  33  0  1648  
41  96  33  0  1649  
42  96  33  0  1650  
43  96  33  0  1651  
44  96  33  0  1652  
45  96  33  0  1653  
46  96  33  0  1654  
47  96  33  0  1655  
48  96  33  0  1656  
49  96  33  0  1657  
43  70  34  0  1658  
44  70  34  0  1659  
45  70  34  0  1660  
46  70  34  0  1661  
47  70  34  0  1662  
48  70  34  0  1663  
49  70  34  0  1664  
42  71  34  0  1665  
43  71  34  0  1666  
44  71  34  0  1667  
45  71  34  0  1668  
46  71  34  0  1669  
47  71  34  0  1670  
48  71  34  0  1671  
43  72  34  0  1672  
44  72  34  0  1673  
45  72  34  0  1674  
46  72  34  0  1675  
47  72  34  0  1676  
44  73  34  0  1677  
46  73  34  0  1678  
47  73  34  0  1679  
50  73  34  0  1680  
43  74  34  0  1681  
44  74  34  0  1682  
46  74  34  0  1683  
47  74  34  0  1684  
43  75  34  0  1685  
44  75  34  0  1686  
45  75  34  0  1687  
46  75  34  0  1688  
47  75  34  0  1689  
43  76  34  0  1690  
44  76  34  0  1691  
45  76  34  0  1692  
46  76  34  0  1693  
47  76  34  0  1694  
43  77  34  0  1695  
44  77  34  0  1696  
45  77  34  0  1697  
46  77  34  0  1698  
47  77  34  0  1699  
43  78  34  0  1700  
44  78  34  0  1701  
45  78  34  0  1702  
46  78  34  0  1703  
47  78  34  0  1704  
48  78  34  0  1705  
42  79  34  0  1706  
43  79  34  0  1707  
44  79  34  0  1708  
45  79  34  0  1709  
46  79  34  0  1710  
47  79  34  0  1711  
48  79  34  0  1712  
42  80  34  0  1713  
43  80  34  0  1714  
44  80  34  0  1715  
45  80  34  0  1716  
46  80  34  0  1717  
47  80  34  0  1718  
48  80  34  0  1719  
41  81  34  0  1720  
42  81  34  0  1721  
43  81  34  0  1722  
44  81  34  0  1723  
45  81  34  0  1724  
46  81  34  0  1725  
47  81  34  0  1726  
48  81  34  0  1727  
49  81  34  0  1728  
40  82  34  0  1729  
41  82  34  0  1730  
42  82  34  0  1731  
43  82  34  0  1732  
44  82  34  0  1733  
45  82  34  0  1734  
46  82  34  0  1735  
47  82  34  0  1736  
48  82  34  0  1737  
49  82  34  0  1738  
50  82  34  0  1739  
40  83  34  0  1740  
41  83  34  0  1741  
42  83  34  0  1742  
43  83  34  0  1743  
44  83  34  0  1744  
45  83  34  0  1745  
46  83  34  0  1746  
47  83  34  0  1747  
48  83  34  0  1748  
49  83  34  0  1749  
50  83  34  0  1750  
40  84  34  0  1751  
41  84  34  0  1752  
42  84  34  0  1753  
43  84  34  0  1754  
44  84  34  0  1755  
45  84  34  0  1756  
46  84  34  0  1757  
47  84  34  0  1758  
48  84  34  0  1759  
49  84  34  0  1760  
50  84  34  0  1761  
40  85  34  0  1762  
41  85  34  0  1763  
42  85  34  0  1764  
43  85  34  0  1765  
44  85  34  0  1766  
45  85  34  0  1767  
46  85  34  0  1768  
47  85  34  0  1769  
48  85  34  0  1770  
49  85  34  0  1771  
50  85  34  0  1772  
40  86  34  0  1773  
41  86  34  0  1774  
42  86  34  0  1775  
43  86  34  0  1776  
44  86  34  0  1777  
45  86  34  0  1778  
46  86  34  0  1779  
47  86  34  0  1780  
48  86  34  0  1781  
49  86  34  0  1782  
50  86  34  0  1783  
40  87  34  0  1784  
41  87  34  0  1785  
42  87  34  0  1786  
43  87  34  0  1787  
44  87  34  0  1788  
45  87  34  0  1789  
46  87  34  0  1790  
47  87  34  0  1791  
48  87  34  0  1792  
49  87  34  0  1793  
50  87  34  0  1794  
40  88  34  0  1795  
41  88  34  0  1796  
42  88  34  0  1797  
43  88  34  0  1798  
44  88  34  0  1799  
45  88  34  0  1800  
46  88  34  0  1801  
47  88  34  0  1802  
48  88  34  0  1803  
49  88  34  0  1804  
50  88  34  0  1805  
40  89  34  0  1806  
41  89  34  0  1807  
42  89  34  0  1808  
43  89  34  0  1809  
44  89  34  0  1810  
45  89  34  0  1811  
46  89  34  0  1812  
47  89  34  0  1813  
48  89  34  0  1814  
49  89  34  0  1815  
50  89  34  0  1816  
40  90  34  0  1817  
41  90  34  0  1818  
42  90  34  0  1819  
43  90  34  0  1820  
44  90  34  0  1821  
45  90  34  0  1822  
46  90  34  0  1823  
47  90  34  0  1824  
48  90  34  0  1825  
49  90  34  0  1826  
50  90  34  0  1827  
40  91  34  0  1828  
41  91  34  0  1829  
42  91  34  0  1830  
43  91  34  0  1831  
44  91  34  0  1832  
45  91  34  0  1833  
46  91  34  0  1834  
47  91  34  0  1835  
48  91  34  0  1836  
49  91  34  0  1837  
50  91  34  0  1838  
41  92  34  0  1839  
42  92  34  0  1840  
43  92  34  0  1841  
44  92  34  0  1842  
45  92  34  0  1843  
46  92  34  0  1844  
47  92  34  0  1845  
48  92  34  0  1846  
49  92  34  0  1847  
41  93  34  0  1848  
42  93  34  0  1849  
43  93  34  0  1850  
44  93  34  0  1851  
45  93  34  0  1852  
46  93  34  0  1853  
47  93  34  0  1854  
48  93  34  0  1855  
49  93  34  0  1856  
41  94  34  0  1857  
42  94  34  0  1858  
43  94  34  0  1859  
44  94  34  0  1860  
45  94  34  0  1861  
46  94  34  0  1862  
47  94  34  0  1863  
48  94  34  0  1864  
49  94  34  0  1865  
40  95  34  0  1866  
41  95  34  0  1867  
42  95  34  0  1868  
43  95  34  0  1869  
44  95  34  0  1870  
45  95  34  0  1871  
46  95  34  0  1872  
47  95  34  0  1873  
48  95  34  0  1874  
49  95  34  0  1875  
50  95  34  0  1876  
40  96  34  0  1877  
41  96  34  0  1878  
42  96  34  0  1879  
43  96  34  0  1880  
44  96  34  0  1881  
45  96  34  0  1882  
46  96  34  0  1883  
47  96  34  0  1884  
48  96  34  0  1885  
49  96  34  0  1886  
50  96  34  0  1887  
46  77  35  0  1888  
47  77  35  0  1889  
43  78  35  0  1890  
44  78  35  0  1891  
45  78  35  0  1892  
46  78  35  0  1893  
47  78  35  0  1894  
43  79  35  0  1895  
44  79  35  0  1896  
45  79  35  0  1897  
46  79  35  0  1898  
47  79  35  0  1899  
42  80  35  0  1900  
43  80  35  0  1901  
44  80  35  0  1902  
45  80  35  0  1903  
46  80  35  0  1904  
47  80  35  0  1905  
48  80  35  0  1906  
42  81  35  0  1907  
43  81  35  0  1908  
44  81  35  0  1909  
45  81  35  0  1910  
46  81  35  0  1911  
47  81  35  0  1912  
48  81  35  0  1913  
49  81  35  0  1914  
41  82  35  0  1915  
42  82  35  0  1916  
43  82  35  0  1917  
44  82  35  0  1918  
45  82  35  0  1919  
46  82  35  0  1920  
47  82  35  0  1921  
48  82  35  0  1922  
49  82  35  0  1923  
40  83  35  0  1924  
41  83  35  0  1925  
42  83  35  0  1926  
43  83  35  0  1927  
44  83  35  0  1928  
45  83  35  0  1929  
46  83  35  0  1930  
47  83  35  0  1931  
48  83  35  0  1932  
49  83  35  0  1933  
50  83  35  0  1934  
40  84  35  0  1935  
41  84  35  0  1936  
42  84  35  0  1937  
43  84  35  0  1938  
44  84  35  0  1939  
45  84  35  0  1940  
46  84  35  0  1941  
47  84  35  0  1942  
48  84  35  0  1943  
49  84  35  0  1944  
50  84  35  0  1945  
40  85  35  0  1946  
41  85  35  0  1947  
42  85  35  0  1948  
43  85  35  0  1949  
44  85  35  0  1950  
45  85  35  0  1951  
46  85  35  0  1952  
47  85  35  0  1953  
48  85  35  0  1954  
49  85  35  0  1955  
50  85  35  0  1956  
40  86  35  0  1957  
41  86  35  0  1958  
42  86  35  0  1959  
43  86  35  0  1960  
44  86  35  0  1961  
45  86  35  0  1962  
46  86  35  0  1963  
47  86  35  0  1964  
48  86  35  0  1965  
49  86  35  0  1966  
50  86  35  0  1967  
40  87  35  0  1968  
41  87  35  0  1969  
42  87  35  0  1970  
43  87  35  0  1971  
44  87  35  0  1972  
45  87  35  0  1973  
46  87  35  0  1974  
47  87  35  0  1975  
48  87  35  0  1976  
49  87  35  0  1977  
50  87  35  0  1978  
40  88  35  0  1979  
41  88  35  0  1980  
42  88  35  0  1981  
43  88  35  0  1982  
44  88  35  0  1983  
45  88  35  0  1984  
46  88  35  0  1985  
47  88  35  0  1986  
48  88  35  0  1987  
49  88  35  0  1988  
50  88  35  0  1989  
40  89  35  0  1990  
41  89  35  0  1991  
42  89  35  0  1992  
43  89  35  0  1993  
44  89  35  0  1994  
45  89  35  0  1995  
46  89  35  0  1996  
47  89  35  0  1997  
48  89  35  0  1998  
49  89  35  0  1999  
50  89  35  0  2000  
40  90  35  0  2001  
41  90  35  0  2002  
42  90  35  0  2003  
43  90  35  0  2004  
44  90  35  0  2005  
45  90  35  0  2006  
46  90  35  0  2007  
47  90  35  0  2008  
48  90  35  0  2009  
49  90  35  0  2010  
50  90  35  0  2011  
40  91  35  0  2012  
41  91  35  0  2013  
42  91  35  0  2014  
43  91  35  0  2015  
44  91  35  0  2016  
45  91  35  0  2017  
46  91  35  0  2018  
47  91  35  0  2019  
48  91  35  0  2020  
49  91  35  0  2021  
50  91  35  0  2022  
40  92  35  0  2023  
41  92  35  0  2024  
42  92  35  0  2025  
43  92  35  0  2026  
44  92  35  0  2027  
45  92  35  0  2028  
46  92  35  0  2029  
47  92  35  0  2030  
48  92  35  0  2031  
49  92  35  0  2032  
41  93  35  0  2033  
42  93  35  0  2034  
43  93  35  0  2035  
44  93  35  0  2036  
45  93  35  0  2037  
46  93  35  0  2038  
47  93  35  0  2039  
48  93  35  0  2040  
49  93  35  0  2041  
40  94  35  0  2042  
41  94  35  0  2043  
42  94  35  0  2044  
43  94  35  0  2045  
44  94  35  0  2046  
45  94  35  0  2047  
46  94  35  0  2048  
47  94  35  0  2049  
48  94  35  0  2050  
49  94  35  0  2051  
40  95  35  0  2052  
41  95  35  0  2053  
42  95  35  0  2054  
43  95  35  0  2055  
44  95  35  0  2056  
45  95  35  0  2057  
46  95  35  0  2058  
47  95  35  0  2059  
48  95  35  0  2060  
49  95  35  0  2061  
40  96  35  0  2062  
41  96  35  0  2063  
42  96  35  0  2064  
43  96  35  0  2065  
44  96  35  0  2066  
45  96  35  0  2067  
46  96  35  0  2068  
47  96  35  0  2069  
48  96  35  0  2070  
49  96  35  0  2071  
50  96  35  0  2072  
45  79  36  0  2073  
46  79  36  0  2074  
47  79  36  0  2075  
42  80  36  0  2076  
43  80  36  0  2077  
44  80  36  0  2078  
45  80  36  0  2079  
46  80  36  0  2080  
47  80  36  0  2081  
42  81  36  0  2082  
43  81  36  0  2083  
44  81  36  0  2084  
45  81  36  0  2085  
46  81  36  0  2086  
47  81  36  0  2087  
48  81  36  0  2088  
41  82  36  0  2089  
42  82  36  0  2090  
43  82  36  0  2091  
44  82  36  0  2092  
45  82  36  0  2093  
46  82  36  0  2094  
47  82  36  0  2095  
48  82  36  0  2096  
49  82  36  0  2097  
41  83  36  0  2098  
42  83  36  0  2099  
43  83  36  0  2100  
44  83  36  0  2101  
45  83  36  0  2102  
46  83  36  0  2103  
47  83  36  0  2104  
48  83  36  0  2105  
49  83  36  0  2106  
50  83  36  0  2107  
40  84  36  0  2108  
41  84  36  0  2109  
42  84  36  0  2110  
43  84  36  0  2111  
44  84  36  0  2112  
45  84  36  0  2113  
46  84  36  0  2114  
47  84  36  0  2115  
48  84  36  0  2116  
49  84  36  0  2117  
50  84  36  0  2118  
40  85  36  0  2119  
41  85  36  0  2120  
42  85  36  0  2121  
43  85  36  0  2122  
44  85  36  0  2123  
45  85  36  0  2124  
46  85  36  0  2125  
47  85  36  0  2126  
48  85  36  0  2127  
49  85  36  0  2128  
50  85  36  0  2129  
40  86  36  0  2130  
41  86  36  0  2131  
42  86  36  0  2132  
43  86  36  0  2133  
44  86  36  0  2134  
45  86  36  0  2135  
46  86  36  0  2136  
47  86  36  0  2137  
48  86  36  0  2138  
49  86  36  0  2139  
50  86  36  0  2140  
40  87  36  0  2141  
41  87  36  0  2142  
42  87  36  0  2143  
43  87  36  0  2144  
44  87  36  0  2145  
45  87  36  0  2146  
46  87  36  0  2147  
47  87  36  0  2148  
48  87  36  0  2149  
49  87  36  0  2150  
50  87  36  0  2151  
40  88  36  0  2152  
41  88  36  0  2153  
42  88  36  0  2154  
43  88  36  0  2155  
44  88  36  0  2156  
45  88  36  0  2157  
46  88  36  0  2158  
47  88  36  0  2159  
48  88  36  0  2160  
49  88  36  0  2161  
50  88  36  0  2162  
40  89  36  0  2163  
41  89  36  0  2164  
42  89  36  0  2165  
43  89  36  0  2166  
44  89  36  0  2167  
45  89  36  0  2168  
46  89  36  0  2169  
47  89  36  0  2170  
48  89  36  0  2171  
49  89  36  0  2172  
50  89  36  0  2173  
40  90  36  0  2174  
41  90  36  0  2175  
42  90  36  0  2176  
43  90  36  0  2177  
44  90  36  0  2178  
45  90  36  0  2179  
46  90  36  0  2180  
47  90  36  0  2181  
48  90  36  0  2182  
49  90  36  0  2183  
50  90  36  0  2184  
40  91  36  0  2185  
41  91  36  0  2186  
42  91  36  0  2187  
43  91  36  0  2188  
44  91  36  0  2189  
45  91  36  0  2190  
46  91  36  0  2191  
47  91  36  0  2192  
48  91  36  0  2193  
49  91  36  0  2194  
50  91  36  0  2195  
40  92  36  0  2196  
41  92  36  0  2197  
42  92  36  0  2198  
43  92  36  0  2199  
44  92  36  0  2200  
45  92  36  0  2201  
46  92  36  0  2202  
47  92  36  0  2203  
48  92  36  0  2204  
49  92  36  0  2205  
50  92  36  0  2206  
41  93  36  0  2207  
42  93  36  0  2208  
43  93  36  0  2209  
44  93  36  0  2210  
45  93  36  0  2211  
46  93  36  0  2212  
47  93  36  0  2213  
48  93  36  0  2214  
49  93  36  0  2215  
50  93  36  0  2216  
40  94  36  0  2217  
41  94  36  0  2218  
42  94  36  0  2219  
43  94  36  0  2220  
44  94  36  0  2221  
45  94  36  0  2222  
46  94  36  0  2223  
47  94  36  0  2224  
48  94  36  0  2225  
49  94  36  0  2226  
50  94  36  0  2227  
40  95  36  0  2228  
41  95  36  0  2229  
42  95  36  0  2230  
43  95  36  0  2231  
44  95  36  0  2232  
45  95  36  0  2233  
46  95  36  0  2234  
47  95  36  0  2235  
48  95  36  0  2236  
49  95  36  0  2237  
50  95  36  0  2238  
40  96  36  0  2239  
41  96  36  0  2240  
42  96  36  0  2241  
43  96  36  0  2242  
44  96  36  0  2243  
45  96  36  0  2244  
46  96  36  0  2245  
47  96  36  0  2246  
48  96  36  0  2247  
49  96  36  0  2248  
50  96  36  0  2249  
42  97  36  0  2250  
43  97  36  0  2251  
44  97  36  0  2252  
45  97  36  0  2253  
46  97  36  0  2254  
47  97  36  0  2255  
48  97  36  0  2256  
47  80  37  0  2257  
45  81  37  0  2258  
46  81  37  0  2259  
47  81  37  0  2260  
48  81  37  0  2261  
43  82  37  0  2262  
44  82  37  0  2263  
45  82  37  0  2264  
46  82  37  0  2265  
47  82  37  0  2266  
48  82  37  0  2267  
49  82  37  0  2268  
43  83  37  0  2269  
44  83  37  0  2270  
45  83  37  0  2271  
46  83  37  0  2272  
47  83  37  0  2273  
48  83  37  0  2274  
49  83  37  0  2275  
50  83  37  0  2276  
41  84  37  0  2277  
42  84  37  0  2278  
43  84  37  0  2279  
44  84  37  0  2280  
45  84  37  0  2281  
46  84  37  0  2282  
47  84  37  0  2283  
48  84  37  0  2284  
49  84  37  0  2285  
50  84  37  0  2286  
40  85  37  0  2287  
41  85  37  0  2288  
42  85  37  0  2289  
43  85  37  0  2290  
44  85  37  0  2291  
45  85  37  0  2292  
46  85  37  0  2293  
47  85  37  0  2294  
48  85  37  0  2295  
49  85  37  0  2296  
50  85  37  0  2297  
40  86  37  0  2298  
41  86  37  0  2299  
42  86  37  0  2300  
43  86  37  0  2301  
44  86  37  0  2302  
45  86  37  0  2303  
46  86  37  0  2304  
47  86  37  0  2305  
48  86  37  0  2306  
49  86  37  0  2307  
50  86  37  0  2308  
40  87  37  0  2309  
41  87  37  0  2310  
42  87  37  0  2311  
43  87  37  0  2312  
44  87  37  0  2313  
45  87  37  0  2314  
46  87  37  0  2315  
47  87  37  0  2316  
48  87  37  0  2317  
49  87  37  0  2318  
50  87  37  0  2319  
40  88  37  0  2320  
41  88  37  0  2321  
42  88  37  0  2322  
43  88  37  0  2323  
44  88  37  0  2324  
45  88  37  0  2325  
46  88  37  0  2326  
47  88  37  0  2327  
48  88  37  0  2328  
49  88  37  0  2329  
50  88  37  0  2330  
40  89  37  0  2331  
41  89  37  0  2332  
42  89  37  0  2333  
43  89  37  0  2334  
44  89  37  0  2335  
45  89  37  0  2336  
46  89  37  0  2337  
47  89  37  0  2338  
48  89  37  0  2339  
49  89  37  0  2340  
50  89  37  0  2341  
40  90  37  0  2342  
41  90  37  0  2343  
42  90  37  0  2344  
43  90  37  0  2345  
44  90  37  0  2346  
45  90  37  0  2347  
46  90  37  0  2348  
47  90  37  0  2349  
48  90  37  0  2350  
49  90  37  0  2351  
50  90  37  0  2352  
40  91  37  0  2353  
41  91  37  0  2354  
42  91  37  0  2355  
43  91  37  0  2356  
44  91  37  0  2357  
45  91  37  0  2358  
46  91  37  0  2359  
47  91  37  0  2360  
48  91  37  0  2361  
49  91  37  0  2362  
50  91  37  0  2363  
40  92  37  0  2364  
41  92  37  0  2365  
42  92  37  0  2366  
43  92  37  0  2367  
44  92  37  0  2368  
45  92  37  0  2369  
46  92  37  0  2370  
47  92  37  0  2371  
48  92  37  0  2372  
49  92  37  0  2373  
50  92  37  0  2374  
40  93  37  0  2375  
41  93  37  0  2376  
42  93  37  0  2377  
43  93  37  0  2378  
44  93  37  0  2379  
45  93  37  0  2380  
46  93  37  0  2381  
47  93  37  0  2382  
48  93  37  0  2383  
49  93  37  0  2384  
50  93  37  0  2385  
41  94  37  0  2386  
42  94  37  0  2387  
43  94  37  0  2388  
44  94  37  0  2389  
45  94  37  0  2390  
46  94  37  0  2391  
47  94  37  0  2392  
48  94  37  0  2393  
49  94  37  0  2394  
50  94  37  0  2395  
41  95  37  0  2396  
42  95  37  0  2397  
43  95  37  0  2398  
44  95  37  0  2399  
45  95  37  0  2400  
46  95  37  0  2401  
47  95  37  0  2402  
48  95  37  0  2403  
49  95  37  0  2404  
50  95  37  0  2405  
40  96  37  0  2406  
41  96  37  0  2407  
42  96  37  0  2408  
43  96  37  0  2409  
44  96  37  0  2410  
45  96  37  0  2411  
46  96  37  0  2412  
47  96  37  0  2413  
48  96  37  0  2414  
49  96  37  0  2415  
50  96  37  0  2416  
40  97  37  0  2417  
42  97  37  0  2418  
43  97  37  0  2419  
44  97  37  0  2420  
46  97  37  0  2421  
47  97  37  0  2422  
48  97  37  0  2423  
50  97  37  0  2424  
46  82  38  0  2425  
47  82  38  0  2426  
48  82  38  0  2427  
45  83  38  0  2428  
46  83  38  0  2429  
47  83  38  0  2430  
48  83  38  0  2431  
49  83  38  0  2432  
43  84  38  0  2433  
44  84  38  0  2434  
45  84  38  0  2435  
46  84  38  0  2436  
47  84  38  0  2437  
48  84  38  0  2438  
49  84  38  0  2439  
50  84  38  0  2440  
40  85  38  0  2441  
41  85  38  0  2442  
42  85  38  0  2443  
43  85  38  0  2444  
44  85  38  0  2445  
45  85  38  0  2446  
46  85  38  0  2447  
47  85  38  0  2448  
48  85  38  0  2449  
49  85  38  0  2450  
40  86  38  0  2451  
41  86  38  0  2452  
42  86  38  0  2453  
43  86  38  0  2454  
44  86  38  0  2455  
45  86  38  0  2456  
46  86  38  0  2457  
47  86  38  0  2458  
48  86  38  0  2459  
49  86  38  0  2460  
40  87  38  0  2461  
41  87  38  0  2462  
42  87  38  0  2463  
43  87  38  0  2464  
44  87  38  0  2465  
45  87  38  0  2466  
46  87  38  0  2467  
47  87  38  0  2468  
48  87  38  0  2469  
49  87  38  0  2470  
50  87  38  0  2471  
40  88  38  0  2472  
41  88  38  0  2473  
42  88  38  0  2474  
43  88  38  0  2475  
44  88  38  0  2476  
45  88  38  0  2477  
46  88  38  0  2478  
47  88  38  0  2479  
48  88  38  0  2480  
49  88  38  0  2481  
50  88  38  0  2482  
40  89  38  0  2483  
41  89  38  0  2484  
42  89  38  0  2485  
43  89  38  0  2486  
44  89  38  0  2487  
45  89  38  0  2488  
46  89  38  0  2489  
47  89  38  0  2490  
48  89  38  0  2491  
49  89  38  0  2492  
50  89  38  0  2493  
40  90  38  0  2494  
41  90  38  0  2495  
42  90  38  0  2496  
43  90  38  0  2497  
44  90  38  0  2498  
45  90  38  0  2499  
46  90  38  0  2500  
47  90  38  0  2501  
48  90  38  0  2502  
49  90  38  0  2503  
50  90  38  0  2504  
40  91  38  0  2505  
41  91  38  0  2506  
42  91  38  0  2507  
43  91  38  0  2508  
44  91  38  0  2509  
45  91  38  0  2510  
46  91  38  0  2511  
47  91  38  0  2512  
48  91  38  0  2513  
49  91  38  0  2514  
50  91  38  0  2515  
40  92  38  0  2516  
41  92  38  0  2517  
42  92  38  0  2518  
43  92  38  0  2519  
44  92  38  0  2520  
45  92  38  0  2521  
46  92  38  0  2522  
47  92  38  0  2523  
48  92  38  0  2524  
49  92  38  0  2525  
50  92  38  0  2526  
40  93  38  0  2527  
41  93  38  0  2528  
42  93  38  0  2529  
43  93  38  0  2530  
44  93  38  0  2531  
45  93  38  0  2532  
46  93  38  0  2533  
47  93  38  0  2534  
48  93  38  0  2535  
49  93  38  0  2536  
50  93  38  0  2537  
40  94  38  0  2538  
41  94  38  0  2539  
42  94  38  0  2540  
43  94  38  0  2541  
44  94  38  0  2542  
45  94  38  0  2543  
46  94  38  0  2544  
47  94  38  0  2545  
48  94  38  0  2546  
49  94  38  0  2547  
50  94  38  0  2548  
40  95  38  0  2549  
41  95  38  0  2550  
42  95  38  0  2551  
43  95  38  0  2552  
44  95  38  0  2553  
45  95  38  0  2554  
46  95  38  0  2555  
47  95  38  0  2556  
48  95  38  0  2557  
49  95  38  0  2558  
50  95  38  0  2559  
40  96  38  0  2560  
41  96  38  0  2561  
42  96  38  0  2562  
43  96  38  0  2563  
44  96  38  0  2564  
45  96  38  0  2565  
46  96  38  0  2566  
47  96  38  0  2567  
48  96  38  0  2568  
49  96  38  0  2569  
50  96  38  0  2570  
40  97  38  0  2571  
41  97  38  0  2572  
42  97  38  0  2573  
43  97  38  0  2574  
44  97  38  0  2575  
45  97  38  0  2576  
46  97  38  0  2577  
47  97  38  0  2578  
48  97  38  0  2579  
49  97  38  0  2580  
50  97  38  0  2581  
46  83  39  0  2582  
47  83  39  0  2583  
48  83  39  0  2584  
49  83  39  0  2585  
45  84  39  0  2586  
46  84  39  0  2587  
47  84  39  0  2588  
48  84  39  0  2589  
49  84  39  0  2590  
50  84  39  0  2591  
40  85  39  0  2592  
41  85  39  0  2593  
42  85  39  0  2594  
43  85  39  0  2595  
44  85  39  0  2596  
45  85  39  0  2597  
46  85  39  0  2598  
47  85  39  0  2599  
48  85  39  0  2600  
49  85  39  0  2601  
50  85  39  0  2602  
40  86  39  0  2603  
41  86  39  0  2604  
42  86  39  0  2605  
43  86  39  0  2606  
44  86  39  0  2607  
45  86  39  0  2608  
46  86  39  0  2609  
47  86  39  0  2610  
48  86  39  0  2611  
49  86  39  0  2612  
40  87  39  0  2613  
41  87  39  0  2614  
42  87  39  0  2615  
43  87  39  0  2616  
44  87  39  0  2617  
45  87  39  0  2618  
46  87  39  0  2619  
47  87  39  0  2620  
48  87  39  0  2621  
49  87  39  0  2622  
40  88  39  0  2623  
41  88  39  0  2624  
42  88  39  0  2625  
43  88  39  0  2626  
44  88  39  0  2627  
45  88  39  0  2628  
46  88  39  0  2629  
47  88  39  0  2630  
48  88  39  0  2631  
49  88  39  0  2632  
50  88  39  0  2633  
40  89  39  0  2634  
41  89  39  0  2635  
42  89  39  0  2636  
43  89  39  0  2637  
44  89  39  0  2638  
45  89  39  0  2639  
46  89  39  0  2640  
47  89  39  0  2641  
48  89  39  0  2642  
49  89  39  0  2643  
50  89  39  0  2644  
40  90  39  0  2645  
41  90  39  0  2646  
42  90  39  0  2647  
43  90  39  0  2648  
44  90  39  0  2649  
45  90  39  0  2650  
46  90  39  0  2651  
47  90  39  0  2652  
48  90  39  0  2653  
49  90  39  0  2654  
50  90  39  0  2655  
40  91  39  0  2656  
41  91  39  0  2657  
42  91  39  0  2658  
43  91  39  0  2659  
44  91  39  0  2660  
45  91  39  0  2661  
46  91  39  0  2662  
47  91  39  0  2663  
48  91  39  0  2664  
49  91  39  0  2665  
50  91  39  0  2666  
40  92  39  0  2667  
41  92  39  0  2668  
42  92  39  0  2669  
43  92  39  0  2670  
44  92  39  0  2671  
45  92  39  0  2672  
46  92  39  0  2673  
47  92  39  0  2674  
48  92  39  0  2675  
49  92  39  0  2676  
50  92  39  0  2677  
40  93  39  0  2678  
41  93  39  0  2679  
42  93  39  0  2680  
43  93  39  0  2681  
44  93  39  0  2682  
45  93  39  0  2683  
46  93  39  0  2684  
47  93  39  0  2685  
48  93  39  0  2686  
49  93  39  0  2687  
50  93  39  0  2688  
40  94  39  0  2689  
41  94  39  0  2690  
42  94  39  0  2691  
43  94  39  0  2692  
44  94  39  0  2693  
45  94  39  0  2694  
46  94  39  0  2695  
47  94  39  0  2696  
48  94  39  0  2697  
49  94  39  0  2698  
50  94  39  0  2699  
40  95  39  0  2700  
41  95  39  0  2701  
42  95  39  0  2702  
43  95  39  0  2703  
44  95  39  0  2704  
45  95  39  0  2705  
46  95  39  0  2706  
47  95  39  0  2707  
48  95  39  0  2708  
49  95  39  0  2709  
50  95  39  0  2710  
40  96  39  0  2711  
41  96  39  0  2712  
42  96  39  0  2713  
43  96  39  0  2714  
44  96  39  0  2715  
45  96  39  0  2716  
46  96  39  0  2717  
47  96  39  0  2718  
48  96  39  0  2719  
49  96  39  0  2720  
50  96  39  0  2721  
40  97  39  0  2722  
41  97  39  0  2723  
42  97  39  0  2724  
43  97  39  0  2725  
44  97  39  0  2726  
45  97  39  0  2727  
46  97  39  0  2728  
47  97  39  0  2729  
48  97  39  0  2730  
49  97  39  0  2731  
50  97  39  0  2732  
46  98  39  0  2733  
48  98  39  0  2734  
46  84  40  0  2735  
47  84  40  0  2736  
48  84  40  0  2737  
49  84  40  0  2738  
50  84  40  0  2739  
40  85  40  0  2740  
43  85  40  0  2741  
44  85  40  0  2742  
45  85  40  0  2743  
46  85  40  0  2744  
47  85  40  0  2745  
48  85  40  0  2746  
49  85  40  0  2747  
50  85  40  0  2748  
40  86  40  0  2749  
41  86  40  0  2750  
42  86  40  0  2751  
43  86  40  0  2752  
44  86  40  0  2753  
45  86  40  0  2754  
46  86  40  0  2755  
47  86  40  0  2756  
48  86  40  0  2757  
49  86  40  0  2758  
40  87  40  0  2759  
41  87  40  0  2760  
42  87  40  0  2761  
43  87  40  0  2762  
44  87  40  0  2763  
45  87  40  0  2764  
46  87  40  0  2765  
47  87  40  0  2766  
48  87  40  0  2767  
49  87  40  0  2768  
40  88  40  0  2769  
41  88  40  0  2770  
42  88  40  0  2771  
43  88  40  0  2772  
44  88  40  0  2773  
45  88  40  0  2774  
46  88  40  0  2775  
47  88  40  0  2776  
48  88  40  0  2777  
49  88  40  0  2778  
50  88  40  0  2779  
40  89  40  0  2780  
41  89  40  0  2781  
42  89  40  0  2782  
43  89  40  0  2783  
44  89  40  0  2784  
45  89  40  0  2785  
46  89  40  0  2786  
47  89  40  0  2787  
48  89  40  0  2788  
49  89  40  0  2789  
50  89  40  0  2790  
40  90  40  0  2791  
41  90  40  0  2792  
42  90  40  0  2793  
43  90  40  0  2794  
44  90  40  0  2795  
45  90  40  0  2796  
46  90  40  0  2797  
47  90  40  0  2798  
48  90  40  0  2799  
49  90  40  0  2800  
50  90  40  0  2801  
40  91  40  0  2802  
41  91  40  0  2803  
42  91  40  0  2804  
43  91  40  0  2805  
44  91  40  0  2806  
45  91  40  0  2807  
46  91  40  0  2808  
47  91  40  0  2809  
48  91  40  0  2810  
49  91  40  0  2811  
50  91  40  0  2812  
40  92  40  0  2813  
41  92  40  0  2814  
42  92  40  0  2815  
43  92  40  0  2816  
44  92  40  0  2817  
45  92  40  0  2818  
46  92  40  0  2819  
47  92  40  0  2820  
48  92  40  0  2821  
49  92  40  0  2822  
50  92  40  0  2823  
40  93  40  0  2824  
41  93  40  0  2825  
42  93  40  0  2826  
43  93  40  0  2827  
44  93  40  0  2828  
45  93  40  0  2829  
46  93  40  0  2830  
47  93  40  0  2831  
48  93  40  0  2832  
49  93  40  0  2833  
50  93  40  0  2834  
40  94  40  0  2835  
41  94  40  0  2836  
42  94  40  0  2837  
43  94  40  0  2838  
44  94  40  0  2839  
45  94  40  0  2840  
46  94  40  0  2841  
47  94  40  0  2842  
48  94  40  0  2843  
49  94  40  0  2844  
50  94  40  0  2845  
40  95  40  0  2846  
41  95  40  0  2847  
42  95  40  0  2848  
43  95  40  0  2849  
44  95  40  0  2850  
45  95  40  0  2851  
46  95  40  0  2852  
47  95  40  0  2853  
48  95  40  0  2854  
49  95  40  0  2855  
50  95  40  0  2856  
40  96  40  0  2857  
41  96  40  0  2858  
42  96  40  0  2859  
43  96  40  0  2860  
44  96  40  0  2861  
45  96  40  0  2862  
46  96  40  0  2863  
47  96  40  0  2864  
48  96  40  0  2865  
49  96  40  0  2866  
50  96  40  0  2867  
40  97  40  0  2868  
41  97  40  0  2869  
42  97  40  0  2870  
43  97  40  0  2871  
44  97  40  0  2872  
45  97  40  0  2873  
46  97  40  0  2874  
47  97  40  0  2875  
48  97  40  0  2876  
49  97  40  0  2877  
50  97  40  0  2878  
47  98  40  0  2879  
48  98  40  0  2880  
49  98  40  0  2881  
50  98  40  0  2882  
47  84  41  0  2883  
48  84  41  0  2884  
49  84  41  0  2885  
50  84  41  0  2886  
40  85  41  0  2887  
43  85  41  0  2888  
44  85  41  0  2889  
45  85  41  0  2890  
46  85  41  0  2891  
47  85  41  0  2892  
48  85  41  0  2893  
49  85  41  0  2894  
50  85  41  0  2895  
40  86  41  0  2896  
41  86  41  0  2897  
42  86  41  0  2898  
43  86  41  0  2899  
44  86  41  0  2900  
45  86  41  0  2901  
46  86  41  0  2902  
47  86  41  0  2903  
48  86  41  0  2904  
49  86  41  0  2905  
40  87  41  0  2906  
41  87  41  0  2907  
42  87  41  0  2908  
43  87  41  0  2909  
44  87  41  0  2910  
45  87  41  0  2911  
46  87  41  0  2912  
47  87  41  0  2913  
48  87  41  0  2914  
49  87  41  0  2915  
40  88  41  0  2916  
41  88  41  0  2917  
42  88  41  0  2918  
43  88  41  0  2919  
44  88  41  0  2920  
45  88  41  0  2921  
46  88  41  0  2922  
47  88  41  0  2923  
48  88  41  0  2924  
49  88  41  0  2925  
50  88  41  0  2926  
40  89  41  0  2927  
41  89  41  0  2928  
42  89  41  0  2929  
43  89  41  0  2930  
44  89  41  0  2931  
45  89  41  0  2932  
46  89  41  0  2933  
47  89  41  0  2934  
48  89  41  0  2935  
49  89  41  0  2936  
50  89  41  0  2937  
40  90  41  0  2938  
41  90  41  0  2939  
42  90  41  0  2940  
43  90  41  0  2941  
44  90  41  0  2942  
45  90  41  0  2943  
46  90  41  0  2944  
47  90  41  0  2945  
48  90  41  0  2946  
49  90  41  0  2947  
50  90  41  0  2948  
40  91  41  0  2949  
41  91  41  0  2950  
42  91  41  0  2951  
43  91  41  0  2952  
44  91  41  0  2953  
45  91  41  0  2954  
46  91  41  0  2955  
47  91  41  0  2956  
48  91  41  0  2957  
49  91  41  0  2958  
50  91  41  0  2959  
40  92  41  0  2960  
41  92  41  0  2961  
42  92  41  0  2962  
43  92  41  0  2963  
44  92  41  0  2964  
45  92  41  0  2965  
46  92  41  0  2966  
47  92  41  0  2967  
48  92  41  0  2968  
49  92  41  0  2969  
50  92  41  0  2970  
40  93  41  0  2971  
41  93  41  0  2972  
42  93  41  0  2973  
43  93  41  0  2974  
44  93  41  0  2975  
45  93  41  0  2976  
46  93  41  0  2977  
47  93  41  0  2978  
48  93  41  0  2979  
49  93  41  0  2980  
50  93  41  0  2981  
40  94  41  0  2982  
41  94  41  0  2983  
42  94  41  0  2984  
43  94  41  0  2985  
44  94  41  0  2986  
45  94  41  0  2987  
46  94  41  0  2988  
47  94  41  0  2989  
48  94  41  0  2990  
49  94  41  0  2991  
50  94  41  0  2992  
40  95  41  0  2993  
41  95  41  0  2994  
42  95  41  0  2995  
43  95  41  0  2996  
44  95  41  0  2997  
45  95  41  0  2998  
46  95  41  0  2999  
47  95  41  0  3000  
48  95  41  0  3001  
49  95  41  0  3002  
50  95  41  0  3003  
40  96  41  0  3004  
41  96  41  0  3005  
42  96  41  0  3006  
43  96  41  0  3007  
44  96  41  0  3008  
45  96  41  0  3009  
46  96  41  0  3010  
47  96  41  0  3011  
48  96  41  0  3012  
49  96  41  0  3013  
50  96  41  0  3014  
40  97  41  0  3015  
41  97  41  0  3016  
42  97  41  0  3017  
43  97  41  0  3018  
44  97  41  0  3019  
48  97  41  0  3020  
49  97  41  0  3021  
50  97  41  0  3022  
40  98  41  0  3023  
48  98  41  0  3024  
49  98  41  0  3025  
50  98  41  0  3026  
48  84  42  0  3027  
49  84  42  0  3028  
40  85  42  0  3029  
43  85  42  0  3030  
44  85  42  0  3031  
45  85  42  0  3032  
46  85  42  0  3033  
47  85  42  0  3034  
48  85  42  0  3035  
49  85  42  0  3036  
40  86  42  0  3037  
41  86  42  0  3038  
42  86  42  0  3039  
43  86  42  0  3040  
44  86  42  0  3041  
45  86  42  0  3042  
46  86  42  0  3043  
47  86  42  0  3044  
48  86  42  0  3045  
49  86  42  0  3046  
40  87  42  0  3047  
41  87  42  0  3048  
42  87  42  0  3049  
43  87  42  0  3050  
44  87  42  0  3051  
45  87  42  0  3052  
46  87  42  0  3053  
47  87  42  0  3054  
48  87  42  0  3055  
49  87  42  0  3056  
40  88  42  0  3057  
41  88  42  0  3058  
42  88  42  0  3059  
43  88  42  0  3060  
44  88  42  0  3061  
45  88  42  0  3062  
46  88  42  0  3063  
47  88  42  0  3064  
48  88  42  0  3065  
49  88  42  0  3066  
40  89  42  0  3067  
41  89  42  0  3068  
42  89  42  0  3069  
43  89  42  0  3070  
44  89  42  0  3071  
45  89  42  0  3072  
46  89  42  0  3073  
47  89  42  0  3074  
48  89  42  0  3075  
49  89  42  0  3076  
50  89  42  0  3077  
40  90  42  0  3078  
41  90  42  0  3079  
42  90  42  0  3080  
43  90  42  0  3081  
44  90  42  0  3082  
45  90  42  0  3083  
46  90  42  0  3084  
47  90  42  0  3085  
48  90  42  0  3086  
49  90  42  0  3087  
40  91  42  0  3088  
41  91  42  0  3089  
42  91  42  0  3090  
43  91  42  0  3091  
44  91  42  0  3092  
45  91  42  0  3093  
46  91  42  0  3094  
47  91  42  0  3095  
48  91  42  0  3096  
49  91  42  0  3097  
40  92  42  0  3098  
41  92  42  0  3099  
42  92  42  0  3100  
43  92  42  0  3101  
44  92  42  0  3102  
45  92  42  0  3103  
46  92  42  0  3104  
47  92  42  0  3105  
48  92  42  0  3106  
49  92  42  0  3107  
40  93  42  0  3108  
41  93  42  0  3109  
42  93  42  0  3110  
43  93  42  0  3111  
44  93  42  0  3112  
45  93  42  0  3113  
46  93  42  0  3114  
47  93  42  0  3115  
48  93  42  0  3116  
49  93  42  0  3117  
40  94  42  0  3118  
41  94  42  0  3119  
42  94  42  0  3120  
43  94  42  0  3121  
44  94  42  0  3122  
45  94  42  0  3123  
46  94  42  0  3124  
47  94  42  0  3125  
48  94  42  0  3126  
49  94  42  0  3127  
50  94  42  0  3128  
40  95  42  0  3129  
41  95  42  0  3130  
42  95  42  0  3131  
43  95  42  0  3132  
44  95  42  0  3133  
45  95  42  0  3134  
46  95  42  0  3135  
47  95  42  0  3136  
48  95  42  0  3137  
49  95  42  0  3138  
50  95  42  0  3139  
40  96  42  0  3140  
41  96  42  0  3141  
42  96  42  0  3142  
43  96  42  0  3143  
44  96  42  0  3144  
45  96  42  0  3145  
46  96  42  0  3146  
47  96  42  0  3147  
48  96  42  0  3148  
49  96  42  0  3149  
50  96  42  0  3150  
40  97  42  0  3151  
41  97  42  0  3152  
42  97  42  0  3153  
44  97  42  0  3154  
45  97  42  0  3155  
46  97  42  0  3156  
47  97  42  0  3157  
48  97  42  0  3158  
49  97  42  0  3159  
50  97  42  0  3160  
40  98  42  0  3161  
48  98  42  0  3162  
49  98  42  0  3163  
50  98  42  0  3164  
40  85  43  0  3165  
41  85  43  0  3166  
42  85  43  0  3167  
43  85  43  0  3168  
44  85  43  0  3169  
45  85  43  0  3170  
46  85  43  0  3171  
47  85  43  0  3172  
48  85  43  0  3173  
49  85  43  0  3174  
40  86  43  0  3175  
41  86  43  0  3176  
42  86  43  0  3177  
43  86  43  0  3178  
44  86  43  0  3179  
45  86  43  0  3180  
46  86  43  0  3181  
47  86  43  0  3182  
48  86  43  0  3183  
49  86  43  0  3184  
40  87  43  0  3185  
41  87  43  0  3186  
42  87  43  0  3187  
43  87  43  0  3188  
44  87  43  0  3189  
45  87  43  0  3190  
46  87  43  0  3191  
47  87  43  0  3192  
48  87  43  0  3193  
49  87  43  0  3194  
40  88  43  0  3195  
41  88  43  0  3196  
42  88  43  0  3197  
43  88  43  0  3198  
44  88  43  0  3199  
45  88  43  0  3200  
46  88  43  0  3201  
47  88  43  0  3202  
48  88  43  0  3203  
49  88  43  0  3204  
40  89  43  0  3205  
41  89  43  0  3206  
42  89  43  0  3207  
43  89  43  0  3208  
44  89  43  0  3209  
45  89  43  0  3210  
46  89  43  0  3211  
47  89  43  0  3212  
48  89  43  0  3213  
49  89  43  0  3214  
40  90  43  0  3215  
41  90  43  0  3216  
42  90  43  0  3217  
43  90  43  0  3218  
44  90  43  0  3219  
45  90  43  0  3220  
46  90  43  0  3221  
47  90  43  0  3222  
48  90  43  0  3223  
49  90  43  0  3224  
40  91  43  0  3225  
41  91  43  0  3226  
42  91  43  0  3227  
43  91  43  0  3228  
44  91  43  0  3229  
45  91  43  0  3230  
46  91  43  0  3231  
47  91  43  0  3232  
48  91  43  0  3233  
49  91  43  0  3234  
40  92  43  0  3235  
41  92  43  0  3236  
42  92  43  0  3237  
43  92  43  0  3238  
44  92  43  0  3239  
45  92  43  0  3240  
46  92  43  0  3241  
47  92  43  0  3242  
48  92  43  0  3243  
49  92  43  0  3244  
40  93  43  0  3245  
41  93  43  0  3246  
42  93  43  0  3247  
43  93  43  0  3248  
44  93  43  0  3249  
45  93  43  0  3250  
46  93  43  0  3251  
47  93  43  0  3252  
48  93  43  0  3253  
49  93  43  0  3254  
40  94  43  0  3255  
41  94  43  0  3256  
42  94  43  0  3257  
43  94  43  0  3258  
44  94  43  0  3259  
45  94  43  0  3260  
46  94  43  0  3261  
47  94  43  0  3262  
48  94  43  0  3263  
49  94  43  0  3264  
50  94  43  0  3265  
40  95  43  0  3266  
41  95  43  0  3267  
42  95  43  0  3268  
43  95  43  0  3269  
44  95  43  0  3270  
45  95  43  0  3271  
46  95  43  0  3272  
47  95  43  0  3273  
48  95  43  0  3274  
49  95  43  0  3275  
50  95  43  0  3276  
40  96  43  0  3277  
41  96  43  0  3278  
42  96  43  0  3279  
43  96  43  0  3280  
44  96  43  0  3281  
45  96  43  0  3282  
46  96  43  0  3283  
47  96  43  0  3284  
48  96  43  0  3285  
49  96  43  0  3286  
50  96  43  0  3287  
40  97  43  0  3288  
41  97  43  0  3289  
46  97  43  0  3290  
47  97  43  0  3291  
48  97  43  0  3292  
49  97  43  0  3293  
50  97  43  0  3294  
49  98  43  0  3295  
50  98  43  0  3296  
40  85  44  0  3297  
41  85  44  0  3298  
42  85  44  0  3299  
43  85  44  0  3300  
44  85  44  0  3301  
45  85  44  0  3302  
46  85  44  0  3303  
47  85  44  0  3304  
48  85  44  0  3305  
40  86  44  0  3306  
41  86  44  0  3307  
42  86  44  0  3308  
43  86  44  0  3309  
44  86  44  0  3310  
45  86  44  0  3311  
46  86  44  0  3312  
47  86  44  0  3313  
48  86  44  0  3314  
49  86  44  0  3315  
40  87  44  0  3316  
41  87  44  0  3317  
42  87  44  0  3318  
43  87  44  0  3319  
44  87  44  0  3320  
45  87  44  0  3321  
46  87  44  0  3322  
47  87  44  0  3323  
48  87  44  0  3324  
49  87  44  0  3325  
40  88  44  0  3326  
41  88  44  0  3327  
42  88  44  0  3328  
43  88  44  0  3329  
44  88  44  0  3330  
45  88  44  0  3331  
46  88  44  0  3332  
47  88  44  0  3333  
48  88  44  0  3334  
49  88  44  0  3335  
40  89  44  0  3336  
41  89  44  0  3337  
42  89  44  0  3338  
43  89  44  0  3339  
44  89  44  0  3340  
45  89  44  0  3341  
46  89  44  0  3342  
47  89  44  0  3343  
48  89  44  0  3344  
49  89  44  0  3345  
40  90  44  0  3346  
41  90  44  0  3347  
42  90  44  0  3348  
43  90  44  0  3349  
44  90  44  0  3350  
45  90  44  0  3351  
46  90  44  0  3352  
47  90  44  0  3353  
48  90  44  0  3354  
49  90  44  0  3355  
41  91  44  0  3356  
42  91  44  0  3357  
43  91  44  0  3358  
44  91  44  0  3359  
45  91  44  0  3360  
46  91  44  0  3361  
47  91  44  0  3362  
48  91  44  0  3363  
49  91  44  0  3364  
41  92  44  0  3365  
42  92  44  0  3366  
43  92  44  0  3367  
44  92  44  0  3368  
45  92  44  0  3369  
46  92  44  0  3370  
47  92  44  0  3371  
48  92  44  0  3372  
49  92  44  0  3373  
40  93  44  0  3374  
41  93  44  0  3375  
42  93  44  0  3376  
43  93  44  0  3377  
44  93  44  0  3378  
45  93  44  0  3379  
46  93  44  0  3380  
47  93  44  0  3381  
48  93  44  0  3382  
49  93  44  0  3383  
40  94  44  0  3384  
41  94  44  0  3385  
42  94  44  0  3386  
43  94  44  0  3387  
44  94  44  0  3388  
45  94  44  0  3389  
46  94  44  0  3390  
47  94  44  0  3391  
48  94  44  0  3392  
49  94  44  0  3393  
50  94  44  0  3394  
40  95  44  0  3395  
41  95  44  0  3396  
42  95  44  0  3397  
43  95  44  0  3398  
44  95  44  0  3399  
45  95  44  0  3400  
46  95  44  0  3401  
47  95  44  0  3402  
48  95  44  0  3403  
49  95  44  0  3404  
50  95  44  0  3405  
40  96  44  0  3406  
41  96  44  0  3407  
42  96  44  0  3408  
43  96  44  0  3409  
44  96  44  0  3410  
45  96  44  0  3411  
46  96  44  0  3412  
47  96  44  0  3413  
48  96  44  0  3414  
49  96  44  0  3415  
50  96  44  0  3416  
40  97  44  0  3417  
41  97  44  0  3418  
42  97  44  0  3419  
46  97  44  0  3420  
47  97  44  0  3421  
48  97  44  0  3422  
49  97  44  0  3423  
50  97  44  0  3424  
48  98  44  0  3425  
49  98  44  0  3426  
50  98  44  0  3427  
40  85  45  0  3428  
41  85  45  0  3429  
42  85  45  0  3430  
43  85  45  0  3431  
44  85  45  0  3432  
45  85  45  0  3433  
46  85  45  0  3434  
47  85  45  0  3435  
48  85  45  0  3436  
40  86  45  0  3437  
41  86  45  0  3438  
42  86  45  0  3439  
43  86  45  0  3440  
44  86  45  0  3441  
45  86  45  0  3442  
46  86  45  0  3443  
47  86  45  0  3444  
48  86  45  0  3445  
40  87  45  0  3446  
41  87  45  0  3447  
42  87  45  0  3448  
43  87  45  0  3449  
44  87  45  0  3450  
45  87  45  0  3451  
46  87  45  0  3452  
47  87  45  0  3453  
48  87  45  0  3454  
49  87  45  0  3455  
40  88  45  0  3456  
41  88  45  0  3457  
42  88  45  0  3458  
43  88  45  0  3459  
44  88  45  0  3460  
45  88  45  0  3461  
46  88  45  0  3462  
47  88  45  0  3463  
48  88  45  0  3464  
49  88  45  0  3465  
40  89  45  0  3466  
41  89  45  0  3467  
42  89  45  0  3468  
43  89  45  0  3469  
44  89  45  0  3470  
45  89  45  0  3471  
46  89  45  0  3472  
47  89  45  0  3473  
48  89  45  0  3474  
49  89  45  0  3475  
40  90  45  0  3476  
41  90  45  0  3477  
42  90  45  0  3478  
43  90  45  0  3479  
44  90  45  0  3480  
45  90  45  0  3481  
46  90  45  0  3482  
47  90  45  0  3483  
48  90  45  0  3484  
49  90  45  0  3485  
41  91  45  0  3486  
42  91  45  0  3487  
43  91  45  0  3488  
44  91  45  0  3489  
45  91  45  0  3490  
46  91  45  0  3491  
47  91  45  0  3492  
48  91  45  0  3493  
41  92  45  0  3494  
42  92  45  0  3495  
43  92  45  0  3496  
44  92  45  0  3497  
45  92  45  0  3498  
46  92  45  0  3499  
47  92  45  0  3500  
48  92  45  0  3501  
41  93  45  0  3502  
42  93  45  0  3503  
43  93  45  0  3504  
44  93  45  0  3505  
45  93  45  0  3506  
46  93  45  0  3507  
47  93  45  0  3508  
48  93  45  0  3509  
49  93  45  0  3510  
40  94  45  0  3511  
41  94  45  0  3512  
42  94  45  0  3513  
43  94  45  0  3514  
44  94  45  0  3515  
45  94  45  0  3516  
46  94  45  0  3517  
47  94  45  0  3518  
48  94  45  0  3519  
49  94  45  0  3520  
50  94  45  0  3521  
40  95  45  0  3522  
41  95  45  0  3523  
42  95  45  0  3524  
43  95  45  0  3525  
44  95  45  0  3526  
45  95  45  0  3527  
46  95  45  0  3528  
47  95  45  0  3529  
48  95  45  0  3530  
49  95  45  0  3531  
50  95  45  0  3532  
40  96  45  0  3533  
41  96  45  0  3534  
42  96  45  0  3535  
43  96  45  0  3536  
44  96  45  0  3537  
45  96  45  0  3538  
46  96  45  0  3539  
47  96  45  0  3540  
48  96  45  0  3541  
49  96  45  0  3542  
50  96  45  0  3543  
40  97  45  0  3544  
47  97  45  0  3545  
48  97  45  0  3546  
49  97  45  0  3547  
50  97  45  0  3548  
42  85  46  0  3549  
43  85  46  0  3550  
44  85  46  0  3551  
45  85  46  0  3552  
46  85  46  0  3553  
47  85  46  0  3554  
48  85  46  0  3555  
40  86  46  0  3556  
41  86  46  0  3557  
42  86  46  0  3558  
43  86  46  0  3559  
44  86  46  0  3560  
45  86  46  0  3561  
46  86  46  0  3562  
47  86  46  0  3563  
48  86  46  0  3564  
40  87  46  0  3565  
41  87  46  0  3566  
42  87  46  0  3567  
43  87  46  0  3568  
44  87  46  0  3569  
45  87  46  0  3570  
46  87  46  0  3571  
47  87  46  0  3572  
48  87  46  0  3573  
40  88  46  0  3574  
41  88  46  0  3575  
42  88  46  0  3576  
43  88  46  0  3577  
44  88  46  0  3578  
45  88  46  0  3579  
46  88  46  0  3580  
47  88  46  0  3581  
48  88  46  0  3582  
41  89  46  0  3583  
42  89  46  0  3584  
43  89  46  0  3585  
44  89  46  0  3586  
45  89  46  0  3587  
46  89  46  0  3588  
47  89  46  0  3589  
48  89  46  0  3590  
41  90  46  0  3591  
42  90  46  0  3592  
43  90  46  0  3593  
44  90  46  0  3594  
45  90  46  0  3595  
46  90  46  0  3596  
47  90  46  0  3597  
48  90  46  0  3598  
41  91  46  0  3599  
42  91  46  0  3600  
43  91  46  0  3601  
44  91  46  0  3602  
45  91  46  0  3603  
46  91  46  0  3604  
47  91  46  0  3605  
48  91  46  0  3606  
41  92  46  0  3607  
42  92  46  0  3608  
43  92  46  0  3609  
44  92  46  0  3610  
45  92  46  0  3611  
46  92  46  0  3612  
47  92  46  0  3613  
48  92  46  0  3614  
41  93  46  0  3615  
42  93  46  0  3616  
43  93  46  0  3617  
44  93  46  0  3618  
45  93  46  0  3619  
46  93  46  0  3620  
47  93  46  0  3621  
48  93  46  0  3622  
49  93  46  0  3623  
41  94  46  0  3624  
42  94  46  0  3625  
43  94  46  0  3626  
44  94  46  0  3627  
45  94  46  0  3628  
46  94  46  0  3629  
47  94  46  0  3630  
48  94  46  0  3631  
49  94  46  0  3632  
50  94  46  0  3633  
40  95  46  0  3634  
41  95  46  0  3635  
42  95  46  0  3636  
43  95  46  0  3637  
44  95  46  0  3638  
45  95  46  0  3639  
46  95  46  0  3640  
47  95  46  0  3641  
48  95  46  0  3642  
49  95  46  0  3643  
50  95  46  0  3644  
40  96  46  0  3645  
41  96  46  0  3646  
42  96  46  0  3647  
43  96  46  0  3648  
44  96  46  0  3649  
45  96  46  0  3650  
46  96  46  0  3651  
47  96  46  0  3652  
48  96  46  0  3653  
49  96  46  0  3654  
50  96  46  0  3655  
40  97  46  0  3656  
46  97  46  0  3657  
47  97  46  0  3658  
48  97  46  0  3659  
49  97  46  0  3660  
50  97  46  0  3661  
43  85  47  0  3662  
44  85  47  0  3663  
45  85  47  0  3664  
46  85  47  0  3665  
47  85  47  0  3666  
41  86  47  0  3667  
42  86  47  0  3668  
43  86  47  0  3669  
44  86  47  0  3670  
45  86  47  0  3671  
46  86  47  0  3672  
47  86  47  0  3673  
48  86  47  0  3674  
41  87  47  0  3675  
42  87  47  0  3676  
43  87  47  0  3677  
44  87  47  0  3678  
45  87  47  0  3679  
46  87  47  0  3680  
47  87  47  0  3681  
48  87  47  0  3682  
41  88  47  0  3683  
42  88  47  0  3684  
43  88  47  0  3685  
44  88  47  0  3686  
45  88  47  0  3687  
46  88  47  0  3688  
47  88  47  0  3689  
48  88  47  0  3690  
41  89  47  0  3691  
42  89  47  0  3692  
43  89  47  0  3693  
44  89  47  0  3694  
45  89  47  0  3695  
46  89  47  0  3696  
47  89  47  0  3697  
48  89  47  0  3698  
41  90  47  0  3699  
42  90  47  0  3700  
43  90  47  0  3701  
44  90  47  0  3702  
45  90  47  0  3703  
46  90  47  0  3704  
47  90  47  0  3705  
48  90  47  0  3706  
41  91  47  0  3707  
42  91  47  0  3708  
43  91  47  0  3709  
44  91  47  0  3710  
45  91  47  0  3711  
46  91  47  0  3712  
47  91  47  0  3713  
48  91  47  0  3714  
41  92  47  0  3715  
42  92  47  0  3716  
43  92  47  0  3717  
44  92  47  0  3718  
45  92  47  0  3719  
46  92  47  0  3720  
47  92  47  0  3721  
48  92  47  0  3722  
41  93  47  0  3723  
42  93  47  0  3724  
43  93  47  0  3725  
44  93  47  0  3726  
45  93  47  0  3727  
46  93  47  0  3728  
47  93  47  0  3729  
48  93  47  0  3730  
49  93  47  0  3731  
41  94  47  0  3732  
42  94  47  0  3733  
43  94  47  0  3734  
44  94  47  0  3735  
45  94  47  0  3736  
46  94  47  0  3737  
47  94  47  0  3738  
48  94  47  0  3739  
49  94  47  0  3740  
50  94  47  0  3741  
40  95  47  0  3742  
41  95  47  0  3743  
42  95  47  0  3744  
43  95  47  0  3745  
44  95  47  0  3746  
45  95  47  0  3747  
46  95  47  0  3748  
47  95  47  0  3749  
48  95  47  0  3750  
49  95  47  0  3751  
50  95  47  0  3752  
40  96  47  0  3753  
41  96  47  0  3754  
42  96  47  0  3755  
43  96  47  0  3756  
44  96  47  0  3757  
45  96  47  0  3758  
46  96  47  0  3759  
47  96  47  0  3760  
48  96  47  0  3761  
49  96  47  0  3762  
50  96  47  0  3763  
50  97  47  0  3764  
43  85  48  0  3765  
44  85  48  0  3766  
45  85  48  0  3767  
46  85  48  0  3768  
47  85  48  0  3769  
41  86  48  0  3770  
42  86  48  0  3771  
43  86  48  0  3772  
44  86  48  0  3773  
45  86  48  0  3774  
46  86  48  0  3775  
47  86  48  0  3776  
48  86  48  0  3777  
41  87  48  0  3778  
42  87  48  0  3779  
43  87  48  0  3780  
44  87  48  0  3781  
45  87  48  0  3782  
46  87  48  0  3783  
47  87  48  0  3784  
48  87  48  0  3785  
41  88  48  0  3786  
42  88  48  0  3787  
43  88  48  0  3788  
44  88  48  0  3789  
45  88  48  0  3790  
46  88  48  0  3791  
47  88  48  0  3792  
48  88  48  0  3793  
41  89  48  0  3794  
42  89  48  0  3795  
43  89  48  0  3796  
44  89  48  0  3797  
45  89  48  0  3798  
46  89  48  0  3799  
47  89  48  0  3800  
48  89  48  0  3801  
41  90  48  0  3802  
42  90  48  0  3803  
43  90  48  0  3804  
44  90  48  0  3805  
45  90  48  0  3806  
46  90  48  0  3807  
47  90  48  0  3808  
48  90  48  0  3809  
41  91  48  0  3810  
42  91  48  0  3811  
43  91  48  0  3812  
44  91  48  0  3813  
45  91  48  0  3814  
46  91  48  0  3815  
47  91  48  0  3816  
48  91  48  0  3817  
41  92  48  0  3818  
42  92  48  0  3819  
43  92  48  0  3820  
44  92  48  0  3821  
45  92  48  0  3822  
46  92  48  0  3823  
47  92  48  0  3824  
48  92  48  0  3825  
41  93  48  0  3826  
42  93  48  0  3827  
43  93  48  0  3828  
44  93  48  0  3829  
45  93  48  0  3830  
46  93  48  0  3831  
47  93  48  0  3832  
48  93  48  0  3833  
49  93  48  0  3834  
40  94  48  0  3835  
41  94  48  0  3836  
42  94  48  0  3837  
43  94  48  0  3838  
44  94  48  0  3839  
45  94  48  0  3840  
46  94  48  0  3841  
47  94  48  0  3842  
48  94  48  0  3843  
49  94  48  0  3844  
50  94  48  0  3845  
40  95  48  0  3846  
41  95  48  0  3847  
42  95  48  0  3848  
43  95  48  0  3849  
44  95  48  0  3850  
45  95  48  0  3851  
46  95  48  0  3852  
47  95  48  0  3853  
48  95  48  0  3854  
49  95  48  0  3855  
50  95  48  0  3856  
40  96  48  0  3857  
41  96  48  0  3858  
42  96  48  0  3859  
43  96  48  0  3860  
44  96  48  0  3861  
45  96  48  0  3862  
46  96  48  0  3863  
47  96  48  0  3864  
48  96  48  0  3865  
49  96  48  0  3866  
50  96  48  0  3867  
50  97  48  0  3868  
44  85  49  0  3869  
45  85  49  0  3870  
46  85  49  0  3871  
42  86  49  0  3872  
43  86  49  0  3873  
44  86  49  0  3874  
45  86  49  0  3875  
46  86  49  0  3876  
47  86  49  0  3877  
41  87  49  0  3878  
42  87  49  0  3879  
43  87  49  0  3880  
44  87  49  0  3881  
45  87  49  0  3882  
46  87  49  0  3883  
47  87  49  0  3884  
41  88  49  0  3885  
42  88  49  0  3886  
43  88  49  0  3887  
44  88  49  0  3888  
45  88  49  0  3889  
46  88  49  0  3890  
47  88  49  0  3891  
48  88  49  0  3892  
41  89  49  0  3893  
42  89  49  0  3894  
43  89  49  0  3895  
44  89  49  0  3896  
45  89  49  0  3897  
46  89  49  0  3898  
47  89  49  0  3899  
48  89  49  0  3900  
41  90  49  0  3901  
42  90  49  0  3902  
43  90  49  0  3903  
44  90  49  0  3904  
45  90  49  0  3905  
46  90  49  0  3906  
47  90  49  0  3907  
48  90  49  0  3908  
41  91  49  0  3909  
42  91  49  0  3910  
43  91  49  0  3911  
44  91  49  0  3912  
45  91  49  0  3913  
46  91  49  0  3914  
47  91  49  0  3915  
48  91  49  0  3916  
41  92  49  0  3917  
42  92  49  0  3918  
43  92  49  0  3919  
44  92  49  0  3920  
45  92  49  0  3921  
46  92  49  0  3922  
47  92  49  0  3923  
48  92  49  0  3924  
41  93  49  0  3925  
42  93  49  0  3926  
43  93  49  0  3927  
44  93  49  0  3928  
45  93  49  0  3929  
46  93  49  0  3930  
47  93  49  0  3931  
48  93  49  0  3932  
49  93  49  0  3933  
50  93  49  0  3934  
40  94  49  0  3935  
41  94  49  0  3936  
42  94  49  0  3937  
43  94  49  0  3938  
44  94  49  0  3939  
45  94  49  0  3940  
46  94  49  0  3941  
47  94  49  0  3942  
48  94  49  0  3943  
49  94  49  0  3944  
50  94  49  0  3945  
40  95  49  0  3946  
41  95  49  0  3947  
42  95  49  0  3948  
43  95  49  0  3949  
44  95  49  0  3950  
45  95  49  0  3951  
46  95  49  0  3952  
47  95  49  0  3953  
48  95  49  0  3954  
49  95  49  0  3955  
50  95  49  0  3956  
40  96  49  0  3957  
41  96  49  0  3958  
42  96  49  0  3959  
47  96  49  0  3960  
48  96  49  0  3961  
49  96  49  0  3962  
50  96  49  0  3963  
42  86  50  0  3964  
43  86  50  0  3965  
44  86  50  0  3966  
45  86  50  0  3967  
46  86  50  0  3968  
47  86  50  0  3969  
42  87  50  0  3970  
43  87  50  0  3971  
44  87  50  0  3972  
45  87  50  0  3973  
46  87  50  0  3974  
47  87  50  0  3975  
41  88  50  0  3976  
42  88  50  0  3977  
43  88  50  0  3978  
44  88  50  0  3979  
45  88  50  0  3980  
46  88  50  0  3981  
47  88  50  0  3982  
41  89  50  0  3983  
42  89  50  0  3984  
43  89  50  0  3985  
44  89  50  0  3986  
45  89  50  0  3987  
46  89  50  0  3988  
47  89  50  0  3989  
41  90  50  0  3990  
42  90  50  0  3991  
43  90  50  0  3992  
44  90  50  0  3993  
45  90  50  0  3994  
46  90  50  0  3995  
47  90  50  0  3996  
48  90  50  0  3997  
42  91  50  0  3998  
43  91  50  0  3999  
44  91  50  0  4000  
45  91  50  0  4001  
46  91  50  0  4002  
47  91  50  0  4003  
48  91  50  0  4004  
42  92  50  0  4005  
43  92  50  0  4006  
44  92  50  0  4007  
45  92  50  0  4008  
46  92  50  0  4009  
47  92  50  0  4010  
48  92  50  0  4011  
49  92  50  0  4012  
41  93  50  0  4013  
42  93  50  0  4014  
43  93  50  0  4015  
44  93  50  0  4016  
45  93  50  0  4017  
46  93  50  0  4018  
47  93  50  0  4019  
48  93  50  0  4020  
49  93  50  0  4021  
50  93  50  0  4022  
40  94  50  0  4023  
41  94  50  0  4024  
42  94  50  0  4025  
43  94  50  0  4026  
44  94  50  0  4027  
45  94  50  0  4028  
46  94  50  0  4029  
47  94  50  0  4030  
48  94  50  0  4031  
49  94  50  0  4032  
50  94  50  0  4033  
40  95  50  0  4034  
41  95  50  0  4035  
42  95  50  0  4036  
43  95  50  0  4037  
44  95  50  0  4038  
45  95  50  0  4039  
46  95  50  0  4040  
47  95  50  0  4041  
48  95  50  0  4042  
49  95  50  0  4043  
50  95  50  0  4044  
40  96  50  0  4045  
41  96  50  0  4046  
47  96  50  0  4047  
48  96  50  0  4048  
49  96  50  0  4049  
50  96  50  0  4050  
43  86  51  0  4051  
44  86  51  0  4052  
45  86  51  0  4053  
46  86  51  0  4054  
42  87  51  0  4055  
43  87  51  0  4056  
44  87  51  0  4057  
45  87  51  0  4058  
46  87  51  0  4059  
47  87  51  0  4060  
42  88  51  0  4061  
43  88  51  0  4062  
44  88  51  0  4063  
45  88  51  0  4064  
46  88  51  0  4065  
47  88  51  0  4066  
42  89  51  0  4067  
43  89  51  0  4068  
44  89  51  0  4069  
45  89  51  0  4070  
46  89  51  0  4071  
47  89  51  0  4072  
42  90  51  0  4073  
43  90  51  0  4074  
44  90  51  0  4075  
45  90  51  0  4076  
46  90  51  0  4077  
47  90  51  0  4078  
48  90  51  0  4079  
42  91  51  0  4080  
43  91  51  0  4081  
44  91  51  0  4082  
45  91  51  0  4083  
46  91  51  0  4084  
47  91  51  0  4085  
48  91  51  0  4086  
41  92  51  0  4087  
42  92  51  0  4088  
43  92  51  0  4089  
44  92  51  0  4090  
45  92  51  0  4091  
46  92  51  0  4092  
47  92  51  0  4093  
48  92  51  0  4094  
49  92  51  0  4095  
50  92  51  0  4096  
41  93  51  0  4097  
42  93  51  0  4098  
43  93  51  0  4099  
44  93  51  0  4100  
45  93  51  0  4101  
46  93  51  0  4102  
47  93  51  0  4103  
48  93  51  0  4104  
49  93  51  0  4105  
50  93  51  0  4106  
40  94  51  0  4107  
41  94  51  0  4108  
42  94  51  0  4109  
43  94  51  0  4110  
44  94  51  0  4111  
45  94  51  0  4112  
46  94  51  0  4113  
47  94  51  0  4114  
48  94  51  0  4115  
49  94  51  0  4116  
50  94  51  0  4117  
40  95  51  0  4118  
41  95  51  0  4119  
42  95  51  0  4120  
43  95  51  0  4121  
44  95  51  0  4122  
45  95  51  0  4123  
46  95  51  0  4124  
47  95  51  0  4125  
48  95  51  0  4126  
49  95  51  0  4127  
50  95  51  0  4128  
44  86  52  0  4129  
45  86  52  0  4130  
46  86  52  0  4131  
43  87  52  0  4132  
44  87  52  0  4133  
45  87  52  0  4134  
46  87  52  0  4135  
42  88  52  0  4136  
43  88  52  0  4137  
44  88  52  0  4138  
45  88  52  0  4139  
46  88  52  0  4140  
47  88  52  0  4141  
42  89  52  0  4142  
43  89  52  0  4143  
44  89  52  0  4144  
45  89  52  0  4145  
46  89  52  0  4146  
47  89  52  0  4147  
42  90  52  0  4148  
43  90  52  0  4149  
44  90  52  0  4150  
45  90  52  0  4151  
46  90  52  0  4152  
47  90  52  0  4153  
48  90  52  0  4154  
42  91  52  0  4155  
43  91  52  0  4156  
44  91  52  0  4157  
45  91  52  0  4158  
46  91  52  0  4159  
47  91  52  0  4160  
48  91  52  0  4161  
49  91  52  0  4162  
41  92  52  0  4163  
42  92  52  0  4164  
43  92  52  0  4165  
44  92  52  0  4166  
45  92  52  0  4167  
46  92  52  0  4168  
47  92  52  0  4169  
48  92  52  0  4170  
49  92  52  0  4171  
50  92  52  0  4172  
40  93  52  0  4173  
41  93  52  0  4174  
42  93  52  0  4175  
43  93  52  0  4176  
44  93  52  0  4177  
45  93  52  0  4178  
46  93  52  0  4179  
47  93  52  0  4180  
48  93  52  0  4181  
49  93  52  0  4182  
50  93  52  0  4183  
40  94  52  0  4184  
41  94  52  0  4185  
42  94  52  0  4186  
43  94  52  0  4187  
44  94  52  0  4188  
45  94  52  0  4189  
46  94  52  0  4190  
47  94  52  0  4191  
48  94  52  0  4192  
49  94  52  0  4193  
50  94  52  0  4194  
40  95  52  0  4195  
41  95  52  0  4196  
42  95  52  0  4197  
43  95  52  0  4198  
44  95  52  0  4199  
45  95  52  0  4200  
46  95  52  0  4201  
47  95  52  0  4202  
48  95  52  0  4203  
49  95  52  0  4204  
50  95  52  0  4205  
44  87  53  0  4206  
45  87  53  0  4207  
46  87  53  0  4208  
43  88  53  0  4209  
44  88  53  0  4210  
45  88  53  0  4211  
46  88  53  0  4212  
47  88  53  0  4213  
42  89  53  0  4214  
43  89  53  0  4215  
44  89  53  0  4216  
45  89  53  0  4217  
46  89  53  0  4218  
47  89  53  0  4219  
42  90  53  0  4220  
43  90  53  0  4221  
44  90  53  0  4222  
45  90  53  0  4223  
46  90  53  0  4224  
47  90  53  0  4225  
48  90  53  0  4226  
41  91  53  0  4227  
42  91  53  0  4228  
43  91  53  0  4229  
44  91  53  0  4230  
45  91  53  0  4231  
46  91  53  0  4232  
47  91  53  0  4233  
48  91  53  0  4234  
49  91  53  0  4235  
50  91  53  0  4236  
40  92  53  0  4237  
41  92  53  0  4238  
42  92  53  0  4239  
43  92  53  0  4240  
44  92  53  0  4241  
45  92  53  0  4242  
46  92  53  0  4243  
47  92  53  0  4244  
48  92  53  0  4245  
49  92  53  0  4246  
50  92  53  0  4247  
40  93  53  0  4248  
41  93  53  0  4249  
42  93  53  0  4250  
43  93  53  0  4251  
44  93  53  0  4252  
45  93  53  0  4253  
46  93  53  0  4254  
47  93  53  0  4255  
48  93  53  0  4256  
49  93  53  0  4257  
50  93  53  0  4258  
40  94  53  0  4259  
41  94  53  0  4260  
42  94  53  0  4261  
43  94  53  0  4262  
44  94  53  0  4263  
45  94  53  0  4264  
46  94  53  0  4265  
47  94  53  0  4266  
48  94  53  0  4267  
49  94  53  0  4268  
50  94  53  0  4269  
44  87  54  0  4270  
45  87  54  0  4271  
46  87  54  0  4272  
43  88  54  0  4273  
44  88  54  0  4274  
45  88  54  0  4275  
46  88  54  0  4276  
47  88  54  0  4277  
43  89  54  0  4278  
44  89  54  0  4279  
45  89  54  0  4280  
46  89  54  0  4281  
47  89  54  0  4282  
42  90  54  0  4283  
43  90  54  0  4284  
44  90  54  0  4285  
45  90  54  0  4286  
46  90  54  0  4287  
47  90  54  0  4288  
48  90  54  0  4289  
49  90  54  0  4290  
50  90  54  0  4291  
41  91  54  0  4292  
42  91  54  0  4293  
43  91  54  0  4294  
44  91  54  0  4295  
45  91  54  0  4296  
46  91  54  0  4297  
47  91  54  0  4298  
48  91  54  0  4299  
49  91  54  0  4300  
50  91  54  0  4301  
40  92  54  0  4302  
41  92  54  0  4303  
42  92  54  0  4304  
43  92  54  0  4305  
44  92  54  0  4306  
45  92  54  0  4307  
46  92  54  0  4308  
47  92  54  0  4309  
48  92  54  0  4310  
49  92  54  0  4311  
50  92  54  0  4312  
40  93  54  0  4313  
41  93  54  0  4314  
42  93  54  0  4315  
43  93  54  0  4316  
44  93  54  0  4317  
45  93  54  0  4318  
46  93  54  0  4319  
47  93  54  0  4320  
48  93  54  0  4321  
49  93  54  0  4322  
50  93  54  0  4323  
49  94  54  0  4324  
50  94  54  0  4325  
45  87  55  0  4326  
44  88  55  0  4327  
45  88  55  0  4328  
46  88  55  0  4329  
47  88  55  0  4330  
42  89  55  0  4331  
43  89  55  0  4332  
44  89  55  0  4333  
45  89  55  0  4334  
46  89  55  0  4335  
47  89  55  0  4336  
48  89  55  0  4337  
49  89  55  0  4338  
50  89  55  0  4339  
41  90  55  0  4340  
42  90  55  0  4341  
43  90  55  0  4342  
44  90  55  0  4343  
45  90  55  0  4344  
46  90  55  0  4345  
47  90  55  0  4346  
48  90  55  0  4347  
49  90  55  0  4348  
50  90  55  0  4349  
40  91  55  0  4350  
41  91  55  0  4351  
42  91  55  0  4352  
43  91  55  0  4353  
44  91  55  0  4354  
45  91  55  0  4355  
46  91  55  0  4356  
47  91  55  0  4357  
48  91  55  0  4358  
49  91  55  0  4359  
50  91  55  0  4360  
40  92  55  0  4361  
41  92  55  0  4362  
42  92  55  0  4363  
43  92  55  0  4364  
44  92  55  0  4365  
45  92  55  0  4366  
46  92  55  0  4367  
47  92  55  0  4368  
48  92  55  0  4369  
49  92  55  0  4370  
50  92  55  0  4371  
41  93  55  0  4372  
42  93  55  0  4373  
44  93  55  0  4374  
46  93  55  0  4375  
47  93  55  0  4376  
48  93  55  0  4377  
49  93  55  0  4378  
50  93  55  0  4379  
44  88  56  0  4380  
45  88  56  0  4381  
46  88  56  0  4382  
47  88  56  0  4383  
48  88  56  0  4384  
49  88  56  0  4385  
50  88  56  0  4386  
42  89  56  0  4387  
43  89  56  0  4388  
44  89  56  0  4389  
45  89  56  0  4390  
46  89  56  0  4391  
47  89  56  0  4392  
48  89  56  0  4393  
49  89  56  0  4394  
50  89  56  0  4395  
40  90  56  0  4396  
41  90  56  0  4397  
42  90  56  0  4398  
43  90  56  0  4399  
44  90  56  0  4400  
45  90  56  0  4401  
46  90  56  0  4402  
47  90  56  0  4403  
48  90  56  0  4404  
49  90  56  0  4405  
50  90  56  0  4406  
40  91  56  0  4407  
41  91  56  0  4408  
42  91  56  0  4409  
43  91  56  0  4410  
44  91  56  0  4411  
45  91  56  0  4412  
46  91  56  0  4413  
47  91  56  0  4414  
48  91  56  0  4415  
49  91  56  0  4416  
50  91  56  0  4417  
40  92  56  0  4418  
41  92  56  0  4419  
42  92  56  0  4420  
43  92  56  0  4421  
44  92  56  0  4422  
45  92  56  0  4423  
46  92  56  0  4424  
47  92  56  0  4425  
48  92  56  0  4426  
49  92  56  0  4427  
50  92  56  0  4428  
44  88  57  0  4429  
45  88  57  0  4430  
46  88  57  0  4431  
47  88  57  0  4432  
48  88  57  0  4433  
49  88  57  0  4434  
50  88  57  0  4435  
40  89  57  0  4436  
41  89  57  0  4437  
42  89  57  0  4438  
43  89  57  0  4439  
44  89  57  0  4440  
45  89  57  0  4441  
46  89  57  0  4442  
47  89  57  0  4443  
48  89  57  0  4444  
49  89  57  0  4445  
50  89  57  0  4446  
40  90  57  0  4447  
41  90  57  0  4448  
42  90  57  0  4449  
43  90  57  0  4450  
44  90  57  0  4451  
45  90  57  0  4452  
46  90  57  0  4453  
47  90  57  0  4454  
48  90  57  0  4455  
49  90  57  0  4456  
50  90  57  0  4457  
40  91  57  0  4458  
41  91  57  0  4459  
42  91  57  0  4460  
43  91  57  0  4461  
44  91  57  0  4462  
46  91  57  0  4463  
47  91  57  0  4464  
48  91  57  0  4465  
49  91  57  0  4466  
50  91  57  0  4467  
44  88  58  0  4468  
45  88  58  0  4469  
46  88  58  0  4470  
47  88  58  0  4471  
48  88  58  0  4472  
49  88  58  0  4473  
50  88  58  0  4474  
40  89  58  0  4475  
41  89  58  0  4476  
42  89  58  0  4477  
43  89  58  0  4478  
44  89  58  0  4479  
45  89  58  0  4480  
46  89  58  0  4481  
47  89  58  0  4482  
48  89  58  0  4483  
49  89  58  0  4484  
50  89  58  0  4485  
40  90  58  0  4486  
41  90  58  0  4487  
42  90  58  0  4488  
43  90  58  0  4489  
44  90  58  0  4490  
45  90  58  0  4491  
46  90  58  0  4492  
47  90  58  0  4493  
48  90  58  0  4494  
49  90  58  0  4495  
50  90  58  0  4496  
48  91  58  0  4497  
49  91  58  0  4498  
40  88  59  0  4499  
41  88  59  0  4500  
46  88  59  0  4501  
47  88  59  0  4502  
48  88  59  0  4503  
49  88  59  0  4504  
50  88  59  0  4505  
40  89  59  0  4506  
41  89  59  0  4507  
42  89  59  0  4508  
45  89  59  0  4509  
46  89  59  0  4510  
47  89  59  0  4511  
48  89  59  0  4512  
49  89  59  0  4513  
50  89  59  0  4514  
40  90  59  0  4515  
41  90  59  0  4516  
48  90  59  0  4517  
49  90  59  0  4518  
50  90  59  0  4519  
40  88  60  0  4520  
41  88  60  0  4521  
47  88  60  0  4522  
48  88  60  0  4523  
49  88  60  0  4524  
50  88  60  0  4525  
48  89  60  0  4526  
49  89  60  0  4527  
48  88  61  0  4528  
49  88  61  0  4529  
